     1.8285     1.8265     1.8282     1.8311     1.8284     1.8291     1.8236     1.8302
     1.8291     1.8270     1.8287     1.8313     1.8288     1.8293     1.8241     1.8305
     1.8299     1.8279     1.8296     1.8323     1.8299     1.8305     1.8252     1.8313
     1.8314     1.8291     1.8311     1.8339     1.8310     1.8317     1.8264     1.8323
     1.8323     1.8299     1.8319     1.8345     1.8319     1.8323     1.8268     1.8332
     1.8325     1.8302     1.8320     1.8349     1.8322     1.8326     1.8273     1.8334
     1.8328     1.8305     1.8323     1.8352     1.8325     1.8329     1.8274     1.8337
     1.8331     1.8307     1.8326     1.8355     1.8325     1.8332     1.8278     1.8342
     1.8332     1.8310     1.8326     1.8354     1.8325     1.8332     1.8279     1.8342
     1.8334     1.8310     1.8328     1.8352     1.8328     1.8334     1.8282     1.8342
     1.8332     1.8310     1.8328     1.8354     1.8326     1.8331     1.8281     1.8340
     1.8331     1.8308     1.8326     1.8352     1.8326     1.8331     1.8278     1.8340
     1.8332     1.8308     1.8328     1.8355     1.8326     1.8332     1.8279     1.8343
     1.8334     1.8310     1.8328     1.8352     1.8326     1.8329     1.8278     1.8342
     1.8336     1.8311     1.8329     1.8355     1.8328     1.8334     1.8279     1.8343
     1.8337     1.8313     1.8329     1.8357     1.8328     1.8336     1.8281     1.8342
     1.8332     1.8310     1.8328     1.8354     1.8326     1.8332     1.8279     1.8343
     1.8336     1.8311     1.8328     1.8354     1.8326     1.8332     1.8279     1.8342
     1.8337     1.8313     1.8328     1.8355     1.8328     1.8332     1.8279     1.8342
     1.8339     1.8313     1.8328     1.8355     1.8326     1.8332     1.8281     1.8345
     1.8339     1.8313     1.8328     1.8357     1.8328     1.8332     1.8282     1.8345
     1.8339     1.8313     1.8332     1.8358     1.8329     1.8337     1.8282     1.8343
     1.8334     1.8311     1.8329     1.8355     1.8325     1.8334     1.8276     1.8343
     1.8337     1.8313     1.8329     1.8354     1.8325     1.8332     1.8281     1.8343
     1.8340     1.8313     1.8328     1.8355     1.8328     1.8336     1.8282     1.8345
     1.8339     1.8310     1.8331     1.8355     1.8328     1.8334     1.8279     1.8343
     1.8340     1.8311     1.8329     1.8357     1.8329     1.8336     1.8282     1.8345
     1.8336     1.8310     1.8326     1.8352     1.8328     1.8332     1.8279     1.8340
     1.8334     1.8310     1.8326     1.8354     1.8328     1.8332     1.8281     1.8343
     1.8340     1.8314     1.8331     1.8358     1.8328     1.8334     1.8281     1.8342
     1.8340     1.8314     1.8331     1.8358     1.8329     1.8334     1.8281     1.8343
     1.8340     1.8313     1.8329     1.8358     1.8328     1.8336     1.8282     1.8345
     1.8342     1.8314     1.8331     1.8357     1.8331     1.8337     1.8282     1.8345
     1.8337     1.8311     1.8329     1.8354     1.8328     1.8336     1.8279     1.8342
     1.8337     1.8313     1.8331     1.8354     1.8326     1.8334     1.8281     1.8342
     1.8343     1.8314     1.8331     1.8357     1.8329     1.8336     1.8284     1.8343
     1.8339     1.8313     1.8332     1.8357     1.8329     1.8334     1.8282     1.8346
     1.8342     1.8313     1.8331     1.8358     1.8332     1.8334     1.8282     1.8345
     1.8340     1.8314     1.8331     1.8357     1.8331     1.8336     1.8281     1.8346
     1.8337     1.8313     1.8328     1.8357     1.8328     1.8334     1.8281     1.8345
     1.8343     1.8317     1.8329     1.8358     1.8332     1.8337     1.8282     1.8346
     1.8342     1.8314     1.8329     1.8358     1.8331     1.8337     1.8284     1.8346
     1.8342     1.8314     1.8331     1.8358     1.8331     1.8339     1.8282     1.8346
     1.8342     1.8314     1.8332     1.8358     1.8329     1.8336     1.8282     1.8345
     1.8337     1.8313     1.8332     1.8360     1.8331     1.8336     1.8282     1.8346
     1.8337     1.8310     1.8329     1.8355     1.8328     1.8336     1.8281     1.8345
     1.8340     1.8313     1.8331     1.8357     1.8328     1.8337     1.8281     1.8345
     1.8340     1.8313     1.8332     1.8358     1.8331     1.8336     1.8282     1.8345
     1.8339     1.8313     1.8331     1.8358     1.8329     1.8334     1.8282     1.8346
     1.8339     1.8313     1.8332     1.8358     1.8331     1.8336     1.8282     1.8346
     1.8337     1.8310     1.8329     1.8355     1.8325     1.8336     1.8282     1.8343
     1.8337     1.8311     1.8329     1.8357     1.8328     1.8334     1.8282     1.8346
     1.8343     1.8313     1.8332     1.8358     1.8329     1.8336     1.8281     1.8348
     1.8339     1.8313     1.8332     1.8358     1.8329     1.8337     1.8281     1.8346
     1.8337     1.8311     1.8332     1.8357     1.8328     1.8336     1.8281     1.8343
     1.8339     1.8314     1.8331     1.8357     1.8328     1.8334     1.8281     1.8343
     1.8337     1.8313     1.8331     1.8354     1.8328     1.8334     1.8281     1.8343
     1.8337     1.8314     1.8331     1.8358     1.8329     1.8336     1.8282     1.8346
     1.8339     1.8313     1.8332     1.8358     1.8329     1.8334     1.8282     1.8345
     1.8336     1.8313     1.8329     1.8355     1.8328     1.8334     1.8281     1.8343
     1.8339     1.8314     1.8329     1.8355     1.8331     1.8334     1.8282     1.8343
     1.8339     1.8311     1.8329     1.8354     1.8326     1.8334     1.8281     1.8345
     1.8336     1.8313     1.8329     1.8357     1.8329     1.8336     1.8281     1.8346
     1.8340     1.8316     1.8332     1.8355     1.8331     1.8336     1.8282     1.8342
     1.8339     1.8313     1.8331     1.8355     1.8332     1.8336     1.8282     1.8345
     1.8340     1.8311     1.8331     1.8355     1.8331     1.8336     1.8281     1.8343
     1.8340     1.8313     1.8331     1.8357     1.8328     1.8334     1.8281     1.8343
     1.8337     1.8310     1.8328     1.8355     1.8326     1.8332     1.8279     1.8345
     1.8337     1.8313     1.8329     1.8355     1.8329     1.8337     1.8282     1.8345
     1.8343     1.8316     1.8334     1.8358     1.8332     1.8336     1.8282     1.8346
     1.8339     1.8314     1.8329     1.8357     1.8328     1.8336     1.8284     1.8345
     1.8340     1.8311     1.8329     1.8358     1.8329     1.8337     1.8282     1.8346
     1.8340     1.8313     1.8331     1.8355     1.8328     1.8332     1.8279     1.8343
     1.8339     1.8313     1.8329     1.8357     1.8329     1.8332     1.8284     1.8345
     1.8340     1.8313     1.8332     1.8358     1.8331     1.8336     1.8282     1.8343
     1.8343     1.8316     1.8332     1.8358     1.8331     1.8337     1.8284     1.8345
     1.8342     1.8316     1.8332     1.8360     1.8332     1.8339     1.8284     1.8346
     1.8339     1.8314     1.8332     1.8357     1.8329     1.8336     1.8282     1.8346
     1.8340     1.8313     1.8332     1.8360     1.8329     1.8334     1.8282     1.8345
     1.8340     1.8313     1.8331     1.8357     1.8328     1.8334     1.8281     1.8345
     1.8340     1.8313     1.8332     1.8358     1.8329     1.8337     1.8284     1.8346
     1.8343     1.8316     1.8332     1.8361     1.8331     1.8337     1.8287     1.8349
     1.8342     1.8316     1.8331     1.8360     1.8331     1.8337     1.8284     1.8348
     1.8342     1.8316     1.8334     1.8357     1.8331     1.8336     1.8282     1.8345
     1.8342     1.8314     1.8332     1.8358     1.8331     1.8337     1.8282     1.8345
     1.8345     1.8316     1.8334     1.8358     1.8332     1.8337     1.8285     1.8346
     1.8340     1.8314     1.8334     1.8358     1.8329     1.8336     1.8284     1.8345
     1.8342     1.8314     1.8332     1.8360     1.8331     1.8337     1.8281     1.8346
     1.8340     1.8314     1.8332     1.8360     1.8329     1.8337     1.8282     1.8348
     1.8342     1.8313     1.8331     1.8357     1.8329     1.8334     1.8282     1.8345
     1.8340     1.8316     1.8332     1.8360     1.8331     1.8339     1.8284     1.8348
     1.8345     1.8314     1.8331     1.8360     1.8329     1.8336     1.8285     1.8346
     1.8342     1.8317     1.8331     1.8358     1.8331     1.8337     1.8284     1.8346
     1.8343     1.8317     1.8334     1.8358     1.8332     1.8339     1.8284     1.8348
     1.8339     1.8313     1.8331     1.8355     1.8328     1.8336     1.8282     1.8346
     1.8340     1.8314     1.8331     1.8358     1.8328     1.8336     1.8282     1.8346
     1.8343     1.8316     1.8334     1.8360     1.8329     1.8337     1.8282     1.8346
     1.8342     1.8316     1.8336     1.8358     1.8331     1.8337     1.8282     1.8346
     1.8342     1.8314     1.8331     1.8358     1.8329     1.8334     1.8281     1.8343
     1.8343     1.8314     1.8331     1.8358     1.8331     1.8337     1.8285     1.8346
     1.8339     1.8313     1.8332     1.8358     1.8329     1.8337     1.8282     1.8346
     1.8342     1.8316     1.8334     1.8358     1.8331     1.8340     1.8284     1.8348
     1.8345     1.8317     1.8334     1.8360     1.8332     1.8339     1.8287     1.8348
     1.8343     1.8316     1.8334     1.8360     1.8332     1.8340     1.8285     1.8348
     1.8345     1.8316     1.8334     1.8360     1.8331     1.8337     1.8284     1.8345
     1.8343     1.8316     1.8334     1.8360     1.8332     1.8339     1.8285     1.8348
     1.8342     1.8314     1.8332     1.8358     1.8329     1.8337     1.8284     1.8346
     1.8342     1.8316     1.8331     1.8360     1.8331     1.8339     1.8284     1.8349
     1.8346     1.8319     1.8337     1.8360     1.8334     1.8340     1.8288     1.8351
     1.8340     1.8314     1.8332     1.8358     1.8331     1.8336     1.8284     1.8346
     1.8345     1.8316     1.8332     1.8360     1.8329     1.8336     1.8284     1.8348
     1.8342     1.8313     1.8331     1.8357     1.8328     1.8334     1.8282     1.8343
     1.8340     1.8313     1.8328     1.8357     1.8329     1.8334     1.8282     1.8346
     1.8343     1.8316     1.8332     1.8358     1.8328     1.8337     1.8284     1.8346
     1.8340     1.8316     1.8331     1.8360     1.8329     1.8336     1.8282     1.8345
     1.8342     1.8316     1.8332     1.8358     1.8329     1.8336     1.8282     1.8346
     1.8342     1.8316     1.8332     1.8360     1.8332     1.8339     1.8284     1.8346
     1.8342     1.8314     1.8334     1.8358     1.8331     1.8337     1.8284     1.8345
     1.8343     1.8314     1.8332     1.8358     1.8331     1.8337     1.8284     1.8348
     1.8343     1.8319     1.8334     1.8360     1.8331     1.8339     1.8284     1.8349
     1.8342     1.8317     1.8332     1.8358     1.8329     1.8337     1.8284     1.8346
     1.8342     1.8314     1.8332     1.8358     1.8331     1.8337     1.8284     1.8349
     1.8342     1.8316     1.8331     1.8358     1.8329     1.8337     1.8282     1.8346
     1.8339     1.8314     1.8329     1.8357     1.8331     1.8336     1.8284     1.8345
     1.8343     1.8319     1.8332     1.8357     1.8332     1.8337     1.8284     1.8346
     1.8342     1.8313     1.8331     1.8358     1.8329     1.8337     1.8285     1.8346
     1.8342     1.8313     1.8331     1.8358     1.8331     1.8336     1.8282     1.8346
     1.8337     1.8313     1.8329     1.8357     1.8329     1.8334     1.8281     1.8343
     1.8337     1.8313     1.8329     1.8354     1.8329     1.8334     1.8281     1.8345
     1.8339     1.8313     1.8332     1.8358     1.8331     1.8336     1.8282     1.8345
     1.8340     1.8313     1.8331     1.8357     1.8329     1.8336     1.8281     1.8343
     1.8339     1.8313     1.8331     1.8357     1.8328     1.8336     1.8282     1.8345
     1.8340     1.8314     1.8331     1.8357     1.8328     1.8337     1.8281     1.8343
     1.8339     1.8313     1.8329     1.8357     1.8329     1.8336     1.8281     1.8345
     1.8339     1.8313     1.8331     1.8357     1.8328     1.8334     1.8281     1.8348
     1.8342     1.8316     1.8331     1.8358     1.8329     1.8336     1.8284     1.8346
     1.8340     1.8313     1.8329     1.8358     1.8328     1.8336     1.8281     1.8345
     1.8339     1.8313     1.8332     1.8357     1.8331     1.8337     1.8282     1.8345
     1.8339     1.8316     1.8331     1.8357     1.8329     1.8336     1.8281     1.8343
     1.8337     1.8313     1.8331     1.8355     1.8329     1.8336     1.8282     1.8343
     1.8342     1.8313     1.8332     1.8355     1.8329     1.8337     1.8282     1.8343
     1.8340     1.8314     1.8329     1.8358     1.8329     1.8339     1.8282     1.8346
     1.8336     1.8311     1.8331     1.8355     1.8328     1.8336     1.8281     1.8343
     1.8339     1.8313     1.8331     1.8357     1.8332     1.8337     1.8282     1.8345
     1.8340     1.8316     1.8336     1.8360     1.8331     1.8336     1.8284     1.8348
     1.8339     1.8313     1.8332     1.8358     1.8332     1.8334     1.8281     1.8345
     1.8342     1.8317     1.8331     1.8357     1.8329     1.8337     1.8285     1.8348
     1.8339     1.8314     1.8332     1.8355     1.8329     1.8334     1.8284     1.8348
     1.8336     1.8311     1.8329     1.8358     1.8328     1.8332     1.8281     1.8343
     1.8340     1.8314     1.8329     1.8358     1.8329     1.8334     1.8282     1.8345
     1.8339     1.8314     1.8331     1.8355     1.8329     1.8336     1.8284     1.8346
     1.8339     1.8313     1.8329     1.8357     1.8329     1.8336     1.8279     1.8346
     1.8340     1.8314     1.8331     1.8357     1.8326     1.8337     1.8284     1.8346
     1.8336     1.8313     1.8331     1.8355     1.8329     1.8332     1.8279     1.8345
     1.8336     1.8310     1.8328     1.8355     1.8326     1.8336     1.8279     1.8343
     1.8339     1.8314     1.8331     1.8357     1.8328     1.8334     1.8281     1.8346
     1.8339     1.8313     1.8331     1.8358     1.8328     1.8334     1.8281     1.8345
     1.8340     1.8313     1.8331     1.8357     1.8326     1.8336     1.8282     1.8345
     1.8337     1.8313     1.8329     1.8354     1.8326     1.8334     1.8281     1.8345
     1.8339     1.8311     1.8326     1.8354     1.8326     1.8336     1.8281     1.8342
     1.8343     1.8313     1.8332     1.8357     1.8329     1.8337     1.8282     1.8345
     1.8339     1.8314     1.8331     1.8357     1.8329     1.8334     1.8281     1.8345
     1.8337     1.8314     1.8331     1.8357     1.8328     1.8332     1.8281     1.8343
     1.8340     1.8316     1.8331     1.8360     1.8328     1.8336     1.8281     1.8343
     1.8336     1.8310     1.8328     1.8355     1.8328     1.8332     1.8279     1.8343
     1.8343     1.8314     1.8331     1.8360     1.8329     1.8337     1.8285     1.8348
     1.8345     1.8316     1.8332     1.8360     1.8331     1.8337     1.8285     1.8346
     1.8342     1.8314     1.8331     1.8360     1.8331     1.8337     1.8284     1.8348
     1.8342     1.8316     1.8334     1.8358     1.8329     1.8337     1.8284     1.8346
     1.8340     1.8313     1.8332     1.8357     1.8329     1.8334     1.8282     1.8346
     1.8340     1.8314     1.8331     1.8358     1.8331     1.8337     1.8282     1.8346
     1.8348     1.8317     1.8334     1.8358     1.8331     1.8339     1.8285     1.8349
     1.8346     1.8317     1.8334     1.8358     1.8329     1.8339     1.8284     1.8346
     1.8342     1.8313     1.8332     1.8357     1.8328     1.8336     1.8282     1.8348
     1.8342     1.8313     1.8332     1.8357     1.8329     1.8336     1.8282     1.8345
     1.8342     1.8311     1.8332     1.8357     1.8329     1.8337     1.8282     1.8346
     1.8345     1.8316     1.8334     1.8357     1.8332     1.8337     1.8282     1.8346
     1.8345     1.8316     1.8336     1.8361     1.8332     1.8339     1.8285     1.8348
     1.8342     1.8316     1.8332     1.8360     1.8331     1.8337     1.8284     1.8346
     1.8343     1.8314     1.8331     1.8357     1.8329     1.8337     1.8282     1.8343
     1.8343     1.8316     1.8334     1.8358     1.8329     1.8337     1.8284     1.8348
     1.8345     1.8316     1.8334     1.8360     1.8331     1.8337     1.8282     1.8346
     1.8351     1.8319     1.8336     1.8363     1.8334     1.8340     1.8287     1.8351
     1.8349     1.8319     1.8332     1.8361     1.8334     1.8337     1.8285     1.8351
     1.8345     1.8314     1.8332     1.8358     1.8332     1.8337     1.8284     1.8346
     1.8348     1.8317     1.8336     1.8361     1.8332     1.8340     1.8284     1.8346
     1.8348     1.8316     1.8336     1.8360     1.8331     1.8340     1.8282     1.8348
     1.8346     1.8316     1.8334     1.8360     1.8329     1.8337     1.8284     1.8346
     1.8349     1.8317     1.8332     1.8360     1.8331     1.8337     1.8284     1.8348
     1.8345     1.8316     1.8334     1.8360     1.8331     1.8339     1.8284     1.8346
     1.8346     1.8317     1.8332     1.8361     1.8331     1.8337     1.8282     1.8348
     1.8348     1.8316     1.8336     1.8360     1.8332     1.8337     1.8284     1.8346
     1.8343     1.8316     1.8332     1.8358     1.8329     1.8339     1.8284     1.8348
     1.8348     1.8320     1.8336     1.8361     1.8334     1.8339     1.8285     1.8346
     1.8348     1.8316     1.8336     1.8361     1.8332     1.8339     1.8285     1.8349
     1.8346     1.8317     1.8336     1.8358     1.8332     1.8339     1.8284     1.8349
     1.8345     1.8319     1.8334     1.8358     1.8332     1.8337     1.8282     1.8348
     1.8346     1.8319     1.8334     1.8361     1.8334     1.8340     1.8285     1.8348
     1.8346     1.8316     1.8334     1.8358     1.8331     1.8337     1.8282     1.8348
     1.8348     1.8317     1.8334     1.8360     1.8331     1.8340     1.8285     1.8348
     1.8348     1.8317     1.8334     1.8358     1.8332     1.8339     1.8284     1.8348
     1.8345     1.8316     1.8334     1.8358     1.8332     1.8337     1.8282     1.8346
     1.8346     1.8319     1.8336     1.8358     1.8332     1.8339     1.8285     1.8348
     1.8345     1.8316     1.8334     1.8358     1.8331     1.8336     1.8284     1.8346
     1.8346     1.8317     1.8334     1.8360     1.8329     1.8337     1.8284     1.8349
     1.8348     1.8316     1.8332     1.8358     1.8331     1.8337     1.8284     1.8346
     1.8346     1.8316     1.8332     1.8358     1.8331     1.8339     1.8284     1.8346
     1.8348     1.8317     1.8334     1.8360     1.8332     1.8339     1.8285     1.8349
     1.8348     1.8319     1.8334     1.8360     1.8331     1.8340     1.8284     1.8349
     1.8346     1.8316     1.8336     1.8360     1.8336     1.8340     1.8285     1.8351
     1.8348     1.8314     1.8334     1.8358     1.8332     1.8339     1.8285     1.8349
     1.8348     1.8317     1.8337     1.8360     1.8332     1.8342     1.8285     1.8352
     1.8346     1.8317     1.8336     1.8360     1.8331     1.8339     1.8285     1.8348
     1.8349     1.8317     1.8332     1.8365     1.8334     1.8339     1.8285     1.8348
     1.8348     1.8317     1.8332     1.8361     1.8332     1.8339     1.8284     1.8346
     1.8346     1.8316     1.8332     1.8361     1.8334     1.8339     1.8285     1.8349
     1.8346     1.8316     1.8334     1.8360     1.8331     1.8337     1.8287     1.8348
     1.8346     1.8317     1.8334     1.8360     1.8329     1.8337     1.8285     1.8348
     1.8349     1.8319     1.8336     1.8361     1.8334     1.8342     1.8285     1.8349
     1.8346     1.8317     1.8334     1.8361     1.8334     1.8339     1.8287     1.8349
     1.8348     1.8319     1.8337     1.8363     1.8334     1.8342     1.8290     1.8349
     1.8349     1.8319     1.8337     1.8361     1.8334     1.8339     1.8287     1.8348
     1.8348     1.8317     1.8337     1.8363     1.8332     1.8342     1.8285     1.8349
     1.8349     1.8317     1.8336     1.8360     1.8331     1.8337     1.8284     1.8349
     1.8351     1.8319     1.8337     1.8363     1.8336     1.8340     1.8287     1.8349
     1.8346     1.8319     1.8336     1.8361     1.8334     1.8339     1.8284     1.8348
     1.8346     1.8316     1.8332     1.8358     1.8332     1.8339     1.8284     1.8348
     1.8351     1.8320     1.8337     1.8360     1.8334     1.8340     1.8285     1.8349
     1.8348     1.8317     1.8336     1.8358     1.8332     1.8340     1.8284     1.8348
     1.8348     1.8320     1.8334     1.8361     1.8332     1.8337     1.8285     1.8351
     1.8351     1.8319     1.8336     1.8363     1.8334     1.8339     1.8285     1.8349
     1.8346     1.8317     1.8334     1.8360     1.8331     1.8339     1.8282     1.8348
     1.8348     1.8317     1.8336     1.8360     1.8332     1.8340     1.8284     1.8346
     1.8346     1.8316     1.8334     1.8360     1.8329     1.8337     1.8284     1.8346
     1.8348     1.8317     1.8336     1.8360     1.8334     1.8339     1.8287     1.8349
     1.8348     1.8317     1.8336     1.8360     1.8334     1.8339     1.8285     1.8349
     1.8349     1.8317     1.8334     1.8360     1.8332     1.8339     1.8288     1.8351
     1.8348     1.8317     1.8334     1.8361     1.8331     1.8337     1.8284     1.8348
     1.8349     1.8319     1.8332     1.8360     1.8332     1.8337     1.8285     1.8349
     1.8351     1.8319     1.8337     1.8361     1.8334     1.8339     1.8285     1.8349
     1.8349     1.8317     1.8336     1.8360     1.8329     1.8339     1.8284     1.8348
     1.8346     1.8317     1.8334     1.8360     1.8331     1.8339     1.8284     1.8349
     1.8346     1.8317     1.8336     1.8361     1.8331     1.8337     1.8284     1.8348
     1.8349     1.8317     1.8337     1.8363     1.8332     1.8339     1.8285     1.8349
     1.8346     1.8317     1.8331     1.8358     1.8331     1.8337     1.8282     1.8348
     1.8349     1.8319     1.8334     1.8360     1.8334     1.8339     1.8284     1.8349
     1.8348     1.8317     1.8334     1.8361     1.8336     1.8342     1.8284     1.8351
     1.8346     1.8317     1.8332     1.8361     1.8332     1.8340     1.8285     1.8349
     1.8351     1.8319     1.8337     1.8363     1.8334     1.8339     1.8287     1.8351
     1.8352     1.8320     1.8337     1.8361     1.8334     1.8340     1.8288     1.8349
     1.8346     1.8317     1.8336     1.8360     1.8329     1.8337     1.8285     1.8348
     1.8348     1.8317     1.8336     1.8360     1.8334     1.8343     1.8287     1.8348
     1.8349     1.8317     1.8336     1.8361     1.8334     1.8340     1.8288     1.8348
     1.8346     1.8316     1.8334     1.8360     1.8331     1.8339     1.8282     1.8346
     1.8349     1.8319     1.8337     1.8361     1.8334     1.8340     1.8287     1.8351
     1.8351     1.8320     1.8337     1.8363     1.8334     1.8340     1.8287     1.8349
     1.8346     1.8316     1.8331     1.8360     1.8329     1.8337     1.8282     1.8345
     1.8349     1.8316     1.8334     1.8361     1.8331     1.8339     1.8285     1.8349
     1.8342     1.8313     1.8331     1.8354     1.8328     1.8332     1.8278     1.8345
     1.8336     1.8308     1.8322     1.8346     1.8319     1.8323     1.8270     1.8334
     1.8332     1.8300     1.8317     1.8340     1.8313     1.8320     1.8268     1.8331
     1.8331     1.8299     1.8316     1.8342     1.8316     1.8319     1.8267     1.8331
     1.8336     1.8303     1.8320     1.8348     1.8317     1.8322     1.8268     1.8332
     1.8331     1.8299     1.8314     1.8343     1.8311     1.8319     1.8264     1.8326
     1.8322     1.8290     1.8307     1.8334     1.8305     1.8311     1.8258     1.8322
     1.8323     1.8290     1.8310     1.8336     1.8307     1.8314     1.8259     1.8323
     1.8328     1.8299     1.8316     1.8340     1.8311     1.8320     1.8264     1.8329
     1.8326     1.8296     1.8314     1.8340     1.8311     1.8316     1.8264     1.8326
     1.8320     1.8291     1.8307     1.8331     1.8303     1.8310     1.8256     1.8322
     1.8322     1.8290     1.8310     1.8332     1.8305     1.8311     1.8256     1.8322
     1.8325     1.8296     1.8313     1.8339     1.8311     1.8316     1.8262     1.8326
     1.8331     1.8300     1.8316     1.8342     1.8314     1.8320     1.8264     1.8329
     1.8329     1.8297     1.8317     1.8340     1.8313     1.8320     1.8264     1.8328
     1.8323     1.8291     1.8310     1.8334     1.8305     1.8311     1.8259     1.8323
     1.8325     1.8291     1.8310     1.8337     1.8307     1.8314     1.8261     1.8323
     1.8328     1.8296     1.8316     1.8342     1.8316     1.8320     1.8265     1.8332
     1.8331     1.8300     1.8319     1.8345     1.8316     1.8323     1.8267     1.8332
     1.8334     1.8303     1.8323     1.8346     1.8316     1.8323     1.8268     1.8331
     1.8336     1.8308     1.8323     1.8346     1.8319     1.8323     1.8273     1.8336
     1.8342     1.8311     1.8328     1.8352     1.8325     1.8332     1.8278     1.8340
     1.8345     1.8311     1.8331     1.8355     1.8326     1.8331     1.8279     1.8345
     1.8345     1.8316     1.8331     1.8360     1.8331     1.8334     1.8284     1.8346
     1.8349     1.8316     1.8334     1.8358     1.8334     1.8337     1.8284     1.8349
     1.8349     1.8319     1.8334     1.8360     1.8334     1.8339     1.8285     1.8348
     1.8349     1.8317     1.8334     1.8358     1.8331     1.8337     1.8282     1.8346
     1.8352     1.8320     1.8337     1.8361     1.8336     1.8342     1.8288     1.8349
     1.8346     1.8316     1.8334     1.8358     1.8331     1.8336     1.8284     1.8345
     1.8348     1.8317     1.8336     1.8360     1.8334     1.8337     1.8287     1.8349
     1.8352     1.8320     1.8336     1.8360     1.8336     1.8340     1.8287     1.8349
     1.8348     1.8314     1.8334     1.8360     1.8331     1.8337     1.8284     1.8349
     1.8351     1.8317     1.8337     1.8361     1.8334     1.8340     1.8285     1.8352
     1.8351     1.8319     1.8336     1.8360     1.8334     1.8342     1.8285     1.8348
     1.8348     1.8319     1.8334     1.8360     1.8332     1.8339     1.8285     1.8349
     1.8349     1.8317     1.8336     1.8361     1.8336     1.8340     1.8285     1.8348
     1.8351     1.8322     1.8340     1.8365     1.8336     1.8343     1.8285     1.8349
     1.8349     1.8320     1.8336     1.8363     1.8336     1.8342     1.8285     1.8349
     1.8352     1.8317     1.8339     1.8363     1.8336     1.8340     1.8287     1.8349
     1.8352     1.8322     1.8337     1.8361     1.8334     1.8340     1.8288     1.8349
     1.8351     1.8317     1.8337     1.8360     1.8336     1.8340     1.8287     1.8349
     1.8349     1.8317     1.8336     1.8360     1.8332     1.8340     1.8287     1.8349
     1.8352     1.8320     1.8337     1.8360     1.8336     1.8342     1.8287     1.8351
     1.8349     1.8319     1.8334     1.8361     1.8332     1.8339     1.8285     1.8348
     1.8352     1.8319     1.8339     1.8363     1.8336     1.8342     1.8285     1.8349
     1.8349     1.8319     1.8337     1.8361     1.8334     1.8339     1.8285     1.8346
     1.8351     1.8322     1.8339     1.8363     1.8336     1.8340     1.8288     1.8349
     1.8349     1.8319     1.8337     1.8363     1.8336     1.8342     1.8288     1.8351
     1.8352     1.8322     1.8340     1.8363     1.8334     1.8342     1.8287     1.8351
     1.8354     1.8322     1.8339     1.8365     1.8337     1.8340     1.8288     1.8351
     1.8352     1.8319     1.8337     1.8361     1.8332     1.8342     1.8287     1.8351
     1.8352     1.8322     1.8337     1.8363     1.8336     1.8342     1.8288     1.8351
     1.8351     1.8322     1.8339     1.8365     1.8336     1.8340     1.8290     1.8351
     1.8349     1.8320     1.8337     1.8363     1.8334     1.8340     1.8287     1.8351
     1.8354     1.8322     1.8340     1.8365     1.8334     1.8342     1.8290     1.8351
     1.8354     1.8320     1.8339     1.8363     1.8336     1.8340     1.8288     1.8352
     1.8351     1.8319     1.8337     1.8360     1.8331     1.8342     1.8285     1.8351
     1.8354     1.8323     1.8339     1.8363     1.8336     1.8342     1.8290     1.8352
     1.8352     1.8320     1.8337     1.8361     1.8336     1.8342     1.8288     1.8351
     1.8349     1.8319     1.8336     1.8361     1.8334     1.8340     1.8287     1.8349
     1.8355     1.8322     1.8337     1.8366     1.8336     1.8343     1.8288     1.8351
     1.8352     1.8320     1.8337     1.8363     1.8334     1.8342     1.8287     1.8349
     1.8351     1.8320     1.8336     1.8363     1.8336     1.8343     1.8288     1.8349
     1.8352     1.8322     1.8337     1.8365     1.8334     1.8340     1.8285     1.8349
     1.8352     1.8319     1.8337     1.8365     1.8334     1.8340     1.8288     1.8352
     1.8351     1.8319     1.8337     1.8361     1.8334     1.8336     1.8287     1.8349
     1.8355     1.8322     1.8337     1.8365     1.8336     1.8339     1.8290     1.8352
     1.8354     1.8320     1.8339     1.8365     1.8336     1.8340     1.8288     1.8349
     1.8349     1.8319     1.8336     1.8360     1.8334     1.8339     1.8285     1.8348
     1.8355     1.8323     1.8339     1.8363     1.8337     1.8340     1.8287     1.8349
     1.8351     1.8320     1.8339     1.8361     1.8332     1.8340     1.8285     1.8348
     1.8351     1.8320     1.8336     1.8363     1.8334     1.8340     1.8287     1.8351
     1.8354     1.8322     1.8337     1.8363     1.8336     1.8343     1.8288     1.8349
     1.8352     1.8322     1.8340     1.8363     1.8337     1.8340     1.8285     1.8352
     1.8357     1.8323     1.8339     1.8366     1.8337     1.8343     1.8287     1.8351
     1.8354     1.8322     1.8337     1.8365     1.8336     1.8342     1.8288     1.8351
     1.8357     1.8322     1.8340     1.8363     1.8336     1.8342     1.8288     1.8351
     1.8351     1.8317     1.8339     1.8361     1.8332     1.8340     1.8287     1.8351
     1.8352     1.8320     1.8337     1.8363     1.8334     1.8340     1.8288     1.8351
     1.8352     1.8320     1.8339     1.8363     1.8334     1.8342     1.8288     1.8352
     1.8352     1.8320     1.8340     1.8361     1.8332     1.8342     1.8287     1.8352
     1.8354     1.8320     1.8339     1.8366     1.8334     1.8340     1.8287     1.8352
     1.8354     1.8322     1.8337     1.8365     1.8334     1.8340     1.8288     1.8352
     1.8354     1.8322     1.8339     1.8361     1.8337     1.8340     1.8287     1.8351
     1.8354     1.8322     1.8337     1.8363     1.8334     1.8340     1.8287     1.8349
     1.8355     1.8322     1.8340     1.8366     1.8337     1.8343     1.8290     1.8352
     1.8355     1.8322     1.8340     1.8365     1.8336     1.8343     1.8290     1.8352
     1.8355     1.8322     1.8339     1.8365     1.8336     1.8340     1.8288     1.8351
     1.8358     1.8323     1.8340     1.8366     1.8336     1.8340     1.8290     1.8354
     1.8354     1.8322     1.8337     1.8361     1.8334     1.8340     1.8287     1.8351
     1.8357     1.8319     1.8339     1.8361     1.8336     1.8342     1.8291     1.8354
     1.8360     1.8325     1.8340     1.8366     1.8339     1.8342     1.8290     1.8354
     1.8355     1.8322     1.8339     1.8363     1.8337     1.8340     1.8287     1.8352
     1.8360     1.8323     1.8340     1.8366     1.8337     1.8345     1.8290     1.8354
     1.8360     1.8325     1.8340     1.8366     1.8337     1.8345     1.8290     1.8352
     1.8355     1.8323     1.8339     1.8365     1.8336     1.8343     1.8290     1.8352
     1.8363     1.8325     1.8342     1.8365     1.8339     1.8345     1.8293     1.8354
     1.8361     1.8326     1.8342     1.8368     1.8340     1.8343     1.8291     1.8354
     1.8360     1.8325     1.8339     1.8366     1.8337     1.8342     1.8290     1.8352
     1.8361     1.8323     1.8339     1.8368     1.8337     1.8343     1.8290     1.8352
     1.8363     1.8325     1.8340     1.8366     1.8337     1.8342     1.8291     1.8354
     1.8361     1.8325     1.8340     1.8365     1.8339     1.8343     1.8290     1.8354
     1.8363     1.8325     1.8340     1.8366     1.8339     1.8343     1.8291     1.8355
     1.8361     1.8326     1.8343     1.8368     1.8339     1.8343     1.8293     1.8355
     1.8361     1.8323     1.8342     1.8366     1.8337     1.8343     1.8290     1.8354
     1.8361     1.8325     1.8345     1.8368     1.8340     1.8345     1.8291     1.8354
     1.8365     1.8326     1.8343     1.8369     1.8337     1.8346     1.8290     1.8354
     1.8366     1.8328     1.8343     1.8366     1.8340     1.8345     1.8290     1.8355
     1.8365     1.8326     1.8343     1.8368     1.8337     1.8345     1.8290     1.8354
     1.8365     1.8328     1.8342     1.8368     1.8340     1.8346     1.8293     1.8355
     1.8366     1.8326     1.8343     1.8368     1.8337     1.8345     1.8293     1.8357
     1.8361     1.8325     1.8343     1.8366     1.8337     1.8343     1.8291     1.8355
     1.8365     1.8328     1.8345     1.8369     1.8342     1.8345     1.8293     1.8355
     1.8366     1.8328     1.8342     1.8368     1.8339     1.8345     1.8291     1.8355
     1.8365     1.8326     1.8343     1.8365     1.8340     1.8345     1.8293     1.8354
     1.8369     1.8328     1.8345     1.8368     1.8340     1.8346     1.8293     1.8357
     1.8363     1.8328     1.8342     1.8368     1.8339     1.8343     1.8291     1.8354
     1.8363     1.8323     1.8340     1.8366     1.8337     1.8342     1.8290     1.8354
     1.8368     1.8328     1.8342     1.8369     1.8340     1.8346     1.8293     1.8357
     1.8365     1.8326     1.8343     1.8368     1.8340     1.8346     1.8291     1.8357
     1.8366     1.8326     1.8342     1.8368     1.8339     1.8343     1.8290     1.8355
     1.8369     1.8329     1.8345     1.8368     1.8342     1.8345     1.8294     1.8358
     1.8365     1.8326     1.8340     1.8368     1.8337     1.8345     1.8291     1.8355
     1.8363     1.8323     1.8340     1.8365     1.8337     1.8345     1.8290     1.8355
     1.8372     1.8329     1.8345     1.8371     1.8340     1.8351     1.8296     1.8358
     1.8366     1.8326     1.8343     1.8368     1.8342     1.8346     1.8290     1.8354
     1.8365     1.8328     1.8342     1.8369     1.8340     1.8346     1.8291     1.8358
     1.8369     1.8329     1.8345     1.8369     1.8342     1.8348     1.8293     1.8357
     1.8366     1.8326     1.8345     1.8366     1.8340     1.8345     1.8291     1.8355
     1.8368     1.8329     1.8343     1.8368     1.8342     1.8346     1.8293     1.8357
     1.8371     1.8328     1.8345     1.8371     1.8345     1.8348     1.8293     1.8358
     1.8369     1.8326     1.8348     1.8368     1.8343     1.8345     1.8291     1.8357
     1.8366     1.8325     1.8345     1.8366     1.8337     1.8343     1.8291     1.8355
     1.8368     1.8328     1.8345     1.8368     1.8342     1.8346     1.8294     1.8355
     1.8366     1.8328     1.8345     1.8366     1.8339     1.8345     1.8290     1.8354
     1.8368     1.8329     1.8346     1.8369     1.8343     1.8348     1.8294     1.8357
     1.8369     1.8329     1.8345     1.8371     1.8343     1.8348     1.8294     1.8358
     1.8368     1.8328     1.8345     1.8371     1.8342     1.8346     1.8291     1.8357
     1.8368     1.8329     1.8345     1.8368     1.8342     1.8348     1.8293     1.8360
     1.8369     1.8328     1.8345     1.8369     1.8340     1.8348     1.8291     1.8357
     1.8368     1.8329     1.8346     1.8369     1.8340     1.8346     1.8293     1.8357
     1.8368     1.8329     1.8345     1.8368     1.8340     1.8346     1.8291     1.8355
     1.8366     1.8329     1.8343     1.8369     1.8342     1.8346     1.8293     1.8357
     1.8372     1.8328     1.8343     1.8368     1.8340     1.8346     1.8293     1.8355
     1.8368     1.8323     1.8342     1.8366     1.8339     1.8345     1.8291     1.8352
     1.8369     1.8326     1.8343     1.8366     1.8340     1.8348     1.8294     1.8355
     1.8371     1.8329     1.8346     1.8369     1.8342     1.8348     1.8294     1.8357
     1.8366     1.8326     1.8343     1.8369     1.8340     1.8346     1.8291     1.8354
     1.8369     1.8329     1.8343     1.8368     1.8340     1.8346     1.8294     1.8357
     1.8369     1.8328     1.8343     1.8369     1.8340     1.8346     1.8293     1.8358
     1.8365     1.8326     1.8343     1.8369     1.8342     1.8345     1.8291     1.8354
     1.8369     1.8329     1.8342     1.8371     1.8342     1.8348     1.8291     1.8358
     1.8372     1.8331     1.8345     1.8371     1.8345     1.8346     1.8294     1.8358
     1.8368     1.8328     1.8345     1.8366     1.8339     1.8343     1.8290     1.8355
     1.8369     1.8328     1.8346     1.8369     1.8342     1.8348     1.8294     1.8358
     1.8369     1.8328     1.8346     1.8368     1.8342     1.8346     1.8291     1.8355
     1.8366     1.8325     1.8345     1.8366     1.8339     1.8345     1.8291     1.8357
     1.8372     1.8332     1.8346     1.8369     1.8342     1.8348     1.8296     1.8358
     1.8368     1.8329     1.8345     1.8369     1.8339     1.8345     1.8291     1.8357
     1.8366     1.8328     1.8345     1.8368     1.8340     1.8348     1.8291     1.8357
     1.8374     1.8328     1.8345     1.8366     1.8342     1.8346     1.8293     1.8355
     1.8371     1.8326     1.8345     1.8368     1.8340     1.8345     1.8290     1.8354
     1.8369     1.8326     1.8345     1.8368     1.8342     1.8346     1.8291     1.8355
     1.8374     1.8331     1.8346     1.8372     1.8343     1.8349     1.8296     1.8358
     1.8369     1.8328     1.8343     1.8366     1.8340     1.8346     1.8293     1.8355
     1.8371     1.8328     1.8343     1.8369     1.8342     1.8349     1.8291     1.8357
     1.8368     1.8328     1.8345     1.8371     1.8340     1.8346     1.8291     1.8355
     1.8369     1.8329     1.8343     1.8368     1.8340     1.8348     1.8291     1.8357
     1.8372     1.8329     1.8348     1.8371     1.8340     1.8346     1.8293     1.8357
     1.8371     1.8329     1.8346     1.8371     1.8343     1.8349     1.8294     1.8358
     1.8369     1.8328     1.8345     1.8368     1.8343     1.8349     1.8291     1.8358
     1.8371     1.8326     1.8345     1.8369     1.8343     1.8349     1.8294     1.8355
     1.8371     1.8329     1.8346     1.8372     1.8343     1.8348     1.8293     1.8355
     1.8369     1.8331     1.8346     1.8369     1.8340     1.8348     1.8294     1.8357
     1.8375     1.8332     1.8346     1.8372     1.8343     1.8348     1.8294     1.8358
     1.8372     1.8329     1.8343     1.8371     1.8340     1.8348     1.8294     1.8358
     1.8369     1.8329     1.8345     1.8369     1.8343     1.8345     1.8293     1.8355
     1.8371     1.8329     1.8343     1.8369     1.8343     1.8348     1.8294     1.8357
     1.8371     1.8329     1.8345     1.8371     1.8343     1.8348     1.8296     1.8357
     1.8374     1.8329     1.8348     1.8372     1.8343     1.8348     1.8296     1.8358
     1.8374     1.8328     1.8345     1.8371     1.8342     1.8346     1.8296     1.8360
     1.8369     1.8331     1.8346     1.8371     1.8343     1.8346     1.8294     1.8357
     1.8371     1.8329     1.8346     1.8369     1.8340     1.8348     1.8293     1.8357
     1.8369     1.8329     1.8345     1.8369     1.8340     1.8349     1.8294     1.8357
     1.8372     1.8329     1.8348     1.8369     1.8343     1.8348     1.8293     1.8357
     1.8372     1.8328     1.8345     1.8369     1.8342     1.8348     1.8293     1.8360
     1.8371     1.8331     1.8346     1.8371     1.8343     1.8349     1.8293     1.8358
     1.8369     1.8329     1.8345     1.8369     1.8342     1.8348     1.8293     1.8357
     1.8371     1.8331     1.8348     1.8369     1.8342     1.8348     1.8294     1.8358
     1.8371     1.8328     1.8342     1.8371     1.8342     1.8349     1.8294     1.8357
     1.8374     1.8331     1.8346     1.8372     1.8345     1.8351     1.8296     1.8360
     1.8375     1.8329     1.8348     1.8371     1.8343     1.8349     1.8293     1.8358
     1.8369     1.8329     1.8346     1.8371     1.8343     1.8348     1.8293     1.8355
     1.8372     1.8329     1.8345     1.8369     1.8340     1.8348     1.8291     1.8357
     1.8372     1.8331     1.8345     1.8371     1.8343     1.8349     1.8294     1.8357
     1.8371     1.8329     1.8343     1.8368     1.8340     1.8345     1.8291     1.8354
     1.8374     1.8331     1.8346     1.8371     1.8342     1.8348     1.8294     1.8360
     1.8374     1.8331     1.8346     1.8371     1.8342     1.8348     1.8294     1.8358
     1.8371     1.8329     1.8345     1.8371     1.8340     1.8348     1.8294     1.8355
     1.8375     1.8332     1.8346     1.8371     1.8345     1.8351     1.8296     1.8360
     1.8372     1.8329     1.8343     1.8371     1.8342     1.8345     1.8294     1.8357
     1.8375     1.8331     1.8346     1.8372     1.8342     1.8348     1.8296     1.8360
     1.8375     1.8331     1.8346     1.8371     1.8342     1.8349     1.8293     1.8360
     1.8371     1.8328     1.8345     1.8369     1.8340     1.8349     1.8291     1.8357
     1.8377     1.8331     1.8349     1.8374     1.8342     1.8351     1.8296     1.8358
     1.8372     1.8329     1.8348     1.8369     1.8342     1.8349     1.8294     1.8360
     1.8372     1.8329     1.8346     1.8369     1.8343     1.8349     1.8294     1.8358
     1.8375     1.8331     1.8348     1.8372     1.8345     1.8348     1.8294     1.8358
     1.8375     1.8329     1.8346     1.8372     1.8343     1.8349     1.8294     1.8358
     1.8372     1.8329     1.8345     1.8371     1.8342     1.8346     1.8293     1.8357
     1.8375     1.8331     1.8345     1.8371     1.8342     1.8349     1.8293     1.8360
     1.8374     1.8331     1.8346     1.8371     1.8340     1.8349     1.8291     1.8357
     1.8372     1.8329     1.8346     1.8371     1.8343     1.8348     1.8293     1.8357
     1.8374     1.8329     1.8348     1.8369     1.8346     1.8349     1.8294     1.8358
     1.8371     1.8331     1.8346     1.8369     1.8340     1.8346     1.8293     1.8357
     1.8372     1.8329     1.8346     1.8371     1.8340     1.8349     1.8294     1.8358
     1.8375     1.8331     1.8348     1.8371     1.8343     1.8351     1.8296     1.8357
     1.8374     1.8331     1.8348     1.8371     1.8342     1.8348     1.8294     1.8358
     1.8377     1.8331     1.8346     1.8372     1.8342     1.8349     1.8296     1.8357
     1.8377     1.8332     1.8349     1.8374     1.8345     1.8351     1.8297     1.8360
     1.8372     1.8331     1.8346     1.8374     1.8343     1.8348     1.8293     1.8360
     1.8374     1.8329     1.8348     1.8369     1.8343     1.8348     1.8294     1.8360
     1.8372     1.8332     1.8348     1.8371     1.8342     1.8349     1.8294     1.8360
     1.8375     1.8329     1.8348     1.8372     1.8343     1.8348     1.8294     1.8358
     1.8378     1.8334     1.8352     1.8374     1.8346     1.8349     1.8296     1.8361
     1.8375     1.8332     1.8346     1.8371     1.8345     1.8346     1.8294     1.8361
     1.8377     1.8334     1.8351     1.8372     1.8345     1.8348     1.8296     1.8360
     1.8375     1.8331     1.8349     1.8371     1.8346     1.8349     1.8294     1.8360
     1.8375     1.8331     1.8348     1.8374     1.8342     1.8346     1.8294     1.8358
     1.8378     1.8332     1.8348     1.8374     1.8345     1.8348     1.8294     1.8358
     1.8377     1.8334     1.8348     1.8374     1.8345     1.8351     1.8294     1.8358
     1.8375     1.8332     1.8346     1.8371     1.8342     1.8349     1.8294     1.8357
     1.8378     1.8334     1.8349     1.8372     1.8343     1.8351     1.8296     1.8360
     1.8374     1.8334     1.8346     1.8369     1.8342     1.8349     1.8294     1.8357
     1.8377     1.8334     1.8349     1.8374     1.8345     1.8349     1.8297     1.8360
     1.8380     1.8332     1.8349     1.8372     1.8345     1.8351     1.8297     1.8358
     1.8375     1.8332     1.8349     1.8372     1.8343     1.8349     1.8296     1.8360
     1.8375     1.8334     1.8348     1.8374     1.8343     1.8349     1.8294     1.8360
     1.8374     1.8332     1.8346     1.8371     1.8342     1.8348     1.8294     1.8358
     1.8372     1.8331     1.8345     1.8369     1.8340     1.8349     1.8294     1.8360
     1.8377     1.8331     1.8346     1.8371     1.8342     1.8349     1.8293     1.8358
     1.8375     1.8331     1.8346     1.8369     1.8340     1.8346     1.8291     1.8357
     1.8375     1.8332     1.8346     1.8369     1.8342     1.8349     1.8293     1.8357
     1.8375     1.8331     1.8348     1.8369     1.8340     1.8345     1.8291     1.8357
     1.8377     1.8332     1.8349     1.8371     1.8343     1.8349     1.8293     1.8358
     1.8377     1.8329     1.8348     1.8372     1.8343     1.8349     1.8296     1.8357
     1.8378     1.8331     1.8349     1.8372     1.8345     1.8351     1.8296     1.8358
     1.8377     1.8334     1.8348     1.8371     1.8343     1.8351     1.8297     1.8358
     1.8374     1.8332     1.8346     1.8368     1.8342     1.8348     1.8294     1.8361
     1.8378     1.8334     1.8348     1.8374     1.8345     1.8352     1.8296     1.8360
     1.8375     1.8331     1.8346     1.8371     1.8342     1.8348     1.8293     1.8357
     1.8375     1.8331     1.8348     1.8371     1.8342     1.8349     1.8293     1.8358
     1.8377     1.8331     1.8349     1.8372     1.8345     1.8351     1.8296     1.8360
     1.8375     1.8329     1.8348     1.8369     1.8342     1.8348     1.8291     1.8355
     1.8375     1.8329     1.8346     1.8369     1.8342     1.8349     1.8294     1.8357
     1.8374     1.8329     1.8345     1.8368     1.8340     1.8345     1.8291     1.8357
     1.8371     1.8328     1.8343     1.8368     1.8339     1.8345     1.8290     1.8354
     1.8375     1.8328     1.8343     1.8369     1.8337     1.8346     1.8291     1.8354
     1.8365     1.8322     1.8334     1.8360     1.8329     1.8337     1.8285     1.8348
     1.8355     1.8310     1.8325     1.8349     1.8319     1.8326     1.8271     1.8337
     1.8354     1.8305     1.8323     1.8345     1.8317     1.8323     1.8270     1.8334
     1.8354     1.8310     1.8325     1.8351     1.8322     1.8328     1.8274     1.8337
     1.8366     1.8319     1.8336     1.8358     1.8331     1.8337     1.8279     1.8346
     1.8369     1.8323     1.8340     1.8363     1.8336     1.8340     1.8284     1.8348
     1.8361     1.8317     1.8334     1.8358     1.8329     1.8332     1.8279     1.8340
     1.8354     1.8310     1.8325     1.8346     1.8319     1.8323     1.8271     1.8337
     1.8357     1.8310     1.8325     1.8348     1.8320     1.8326     1.8273     1.8339
     1.8358     1.8313     1.8326     1.8351     1.8322     1.8329     1.8276     1.8340
     1.8360     1.8313     1.8326     1.8351     1.8325     1.8329     1.8278     1.8342
     1.8354     1.8308     1.8323     1.8345     1.8317     1.8323     1.8270     1.8336
     1.8354     1.8307     1.8320     1.8345     1.8317     1.8322     1.8270     1.8332
     1.8360     1.8313     1.8329     1.8351     1.8325     1.8329     1.8276     1.8340
     1.8358     1.8311     1.8328     1.8349     1.8323     1.8326     1.8276     1.8339
     1.8361     1.8313     1.8326     1.8351     1.8323     1.8328     1.8276     1.8340
     1.8361     1.8310     1.8328     1.8351     1.8322     1.8329     1.8274     1.8337
     1.8361     1.8313     1.8328     1.8354     1.8328     1.8332     1.8274     1.8343
     1.8371     1.8325     1.8340     1.8361     1.8332     1.8337     1.8285     1.8348
     1.8374     1.8326     1.8340     1.8365     1.8339     1.8345     1.8290     1.8352
     1.8375     1.8326     1.8343     1.8366     1.8340     1.8345     1.8293     1.8357
     1.8380     1.8332     1.8351     1.8371     1.8343     1.8351     1.8296     1.8358
     1.8381     1.8334     1.8351     1.8372     1.8345     1.8352     1.8296     1.8361
     1.8383     1.8334     1.8349     1.8372     1.8345     1.8349     1.8297     1.8358
     1.8386     1.8337     1.8351     1.8374     1.8346     1.8352     1.8297     1.8360
     1.8383     1.8331     1.8346     1.8371     1.8343     1.8348     1.8294     1.8358
     1.8381     1.8332     1.8351     1.8372     1.8343     1.8348     1.8296     1.8363
     1.8384     1.8334     1.8349     1.8374     1.8345     1.8351     1.8296     1.8360
     1.8381     1.8334     1.8348     1.8372     1.8343     1.8349     1.8296     1.8360
     1.8384     1.8334     1.8351     1.8372     1.8346     1.8352     1.8296     1.8361
     1.8384     1.8336     1.8351     1.8372     1.8343     1.8351     1.8297     1.8360
     1.8383     1.8336     1.8352     1.8372     1.8346     1.8351     1.8297     1.8361
     1.8384     1.8336     1.8351     1.8374     1.8345     1.8351     1.8297     1.8363
     1.8384     1.8334     1.8349     1.8375     1.8346     1.8352     1.8296     1.8360
     1.8383     1.8332     1.8349     1.8374     1.8343     1.8349     1.8296     1.8360
     1.8384     1.8337     1.8349     1.8374     1.8346     1.8352     1.8296     1.8360
     1.8380     1.8334     1.8349     1.8371     1.8343     1.8351     1.8296     1.8360
     1.8381     1.8336     1.8351     1.8372     1.8346     1.8349     1.8297     1.8360
     1.8386     1.8334     1.8351     1.8374     1.8346     1.8352     1.8297     1.8361
     1.8384     1.8334     1.8348     1.8374     1.8343     1.8351     1.8294     1.8360
     1.8381     1.8334     1.8348     1.8372     1.8346     1.8351     1.8294     1.8358
     1.8383     1.8334     1.8351     1.8375     1.8348     1.8352     1.8296     1.8361
     1.8381     1.8334     1.8349     1.8372     1.8343     1.8351     1.8294     1.8357
     1.8383     1.8334     1.8351     1.8374     1.8346     1.8351     1.8297     1.8361
     1.8386     1.8334     1.8351     1.8372     1.8346     1.8351     1.8296     1.8360
     1.8384     1.8336     1.8351     1.8374     1.8346     1.8352     1.8297     1.8361
     1.8383     1.8334     1.8351     1.8372     1.8343     1.8348     1.8296     1.8360
     1.8381     1.8332     1.8349     1.8371     1.8346     1.8351     1.8297     1.8361
     1.8384     1.8336     1.8348     1.8371     1.8345     1.8349     1.8296     1.8360
     1.8383     1.8334     1.8349     1.8371     1.8345     1.8349     1.8294     1.8358
     1.8381     1.8334     1.8349     1.8372     1.8343     1.8349     1.8297     1.8360
     1.8383     1.8336     1.8351     1.8374     1.8345     1.8349     1.8296     1.8358
     1.8381     1.8334     1.8349     1.8371     1.8345     1.8348     1.8296     1.8361
     1.8384     1.8336     1.8351     1.8374     1.8346     1.8349     1.8297     1.8361
     1.8381     1.8334     1.8349     1.8374     1.8342     1.8349     1.8294     1.8360
     1.8383     1.8332     1.8351     1.8375     1.8346     1.8351     1.8297     1.8360
     1.8383     1.8334     1.8349     1.8374     1.8345     1.8351     1.8297     1.8360
     1.8381     1.8332     1.8351     1.8372     1.8342     1.8348     1.8294     1.8358
     1.8383     1.8334     1.8349     1.8374     1.8345     1.8349     1.8296     1.8360
     1.8380     1.8334     1.8349     1.8372     1.8343     1.8349     1.8296     1.8360
     1.8383     1.8334     1.8349     1.8375     1.8345     1.8349     1.8296     1.8360
     1.8383     1.8337     1.8349     1.8374     1.8343     1.8351     1.8294     1.8361
     1.8383     1.8336     1.8351     1.8374     1.8345     1.8349     1.8296     1.8360
     1.8383     1.8336     1.8349     1.8372     1.8343     1.8351     1.8297     1.8360
     1.8386     1.8337     1.8354     1.8375     1.8348     1.8352     1.8299     1.8365
     1.8386     1.8336     1.8351     1.8374     1.8345     1.8349     1.8294     1.8360
     1.8387     1.8337     1.8351     1.8374     1.8348     1.8351     1.8299     1.8363
     1.8386     1.8337     1.8351     1.8375     1.8346     1.8348     1.8297     1.8360
     1.8381     1.8334     1.8349     1.8371     1.8342     1.8349     1.8296     1.8363
     1.8386     1.8336     1.8351     1.8375     1.8346     1.8351     1.8297     1.8363
     1.8381     1.8336     1.8351     1.8372     1.8345     1.8351     1.8296     1.8358
     1.8384     1.8337     1.8352     1.8375     1.8346     1.8349     1.8297     1.8360
     1.8386     1.8336     1.8351     1.8374     1.8346     1.8349     1.8297     1.8360
     1.8383     1.8336     1.8349     1.8374     1.8345     1.8349     1.8296     1.8361
     1.8383     1.8336     1.8352     1.8374     1.8345     1.8352     1.8297     1.8358
     1.8384     1.8336     1.8351     1.8372     1.8345     1.8352     1.8296     1.8361
     1.8383     1.8334     1.8349     1.8375     1.8343     1.8351     1.8296     1.8361
     1.8386     1.8337     1.8349     1.8375     1.8345     1.8351     1.8297     1.8360
     1.8386     1.8336     1.8349     1.8374     1.8346     1.8351     1.8297     1.8361
     1.8384     1.8334     1.8348     1.8372     1.8343     1.8351     1.8296     1.8358
     1.8387     1.8336     1.8351     1.8372     1.8345     1.8351     1.8296     1.8361
     1.8386     1.8337     1.8352     1.8374     1.8345     1.8352     1.8297     1.8363
     1.8386     1.8336     1.8351     1.8374     1.8343     1.8351     1.8297     1.8363
     1.8389     1.8339     1.8352     1.8378     1.8348     1.8352     1.8299     1.8363
     1.8383     1.8337     1.8351     1.8372     1.8343     1.8349     1.8296     1.8360
     1.8387     1.8336     1.8351     1.8372     1.8346     1.8349     1.8297     1.8361
     1.8389     1.8334     1.8351     1.8374     1.8345     1.8351     1.8297     1.8361
     1.8384     1.8336     1.8351     1.8374     1.8346     1.8351     1.8297     1.8361
     1.8387     1.8339     1.8351     1.8377     1.8345     1.8351     1.8299     1.8361
     1.8386     1.8334     1.8349     1.8374     1.8345     1.8351     1.8297     1.8360
     1.8383     1.8337     1.8351     1.8374     1.8345     1.8349     1.8297     1.8363
     1.8387     1.8337     1.8354     1.8377     1.8346     1.8352     1.8300     1.8365
     1.8387     1.8337     1.8352     1.8377     1.8346     1.8352     1.8296     1.8363
     1.8386     1.8336     1.8352     1.8374     1.8346     1.8352     1.8296     1.8361
     1.8390     1.8337     1.8354     1.8375     1.8348     1.8354     1.8299     1.8363
     1.8387     1.8337     1.8351     1.8375     1.8348     1.8351     1.8296     1.8361
     1.8387     1.8337     1.8352     1.8374     1.8349     1.8352     1.8297     1.8365
     1.8389     1.8337     1.8354     1.8375     1.8348     1.8354     1.8297     1.8363
     1.8386     1.8337     1.8355     1.8375     1.8349     1.8352     1.8299     1.8365
     1.8387     1.8339     1.8352     1.8374     1.8346     1.8351     1.8297     1.8361
     1.8387     1.8337     1.8351     1.8374     1.8346     1.8352     1.8297     1.8363
     1.8389     1.8337     1.8351     1.8375     1.8346     1.8352     1.8297     1.8360
     1.8389     1.8336     1.8351     1.8374     1.8346     1.8351     1.8297     1.8360
     1.8386     1.8337     1.8352     1.8375     1.8345     1.8354     1.8299     1.8360
     1.8386     1.8337     1.8351     1.8375     1.8348     1.8351     1.8299     1.8361
     1.8387     1.8336     1.8352     1.8374     1.8348     1.8352     1.8299     1.8361
     1.8390     1.8336     1.8352     1.8375     1.8345     1.8351     1.8299     1.8363
     1.8387     1.8336     1.8352     1.8374     1.8345     1.8352     1.8296     1.8361
     1.8389     1.8339     1.8354     1.8377     1.8346     1.8352     1.8299     1.8363
     1.8386     1.8337     1.8352     1.8375     1.8346     1.8352     1.8299     1.8361
     1.8387     1.8337     1.8352     1.8374     1.8343     1.8352     1.8300     1.8366
     1.8390     1.8342     1.8352     1.8375     1.8346     1.8354     1.8297     1.8363
     1.8389     1.8339     1.8354     1.8374     1.8348     1.8354     1.8300     1.8363
     1.8389     1.8337     1.8354     1.8377     1.8346     1.8352     1.8299     1.8363
     1.8390     1.8340     1.8354     1.8378     1.8349     1.8354     1.8299     1.8363
     1.8387     1.8339     1.8354     1.8375     1.8348     1.8351     1.8297     1.8361
     1.8392     1.8340     1.8355     1.8378     1.8351     1.8354     1.8300     1.8365
     1.8392     1.8342     1.8352     1.8378     1.8349     1.8354     1.8299     1.8366
     1.8389     1.8339     1.8354     1.8375     1.8348     1.8354     1.8297     1.8363
     1.8392     1.8339     1.8354     1.8375     1.8348     1.8355     1.8300     1.8363
     1.8392     1.8340     1.8354     1.8377     1.8346     1.8354     1.8299     1.8363
     1.8392     1.8339     1.8354     1.8377     1.8349     1.8355     1.8302     1.8361
     1.8390     1.8339     1.8355     1.8377     1.8349     1.8354     1.8300     1.8365
     1.8392     1.8343     1.8355     1.8380     1.8346     1.8355     1.8300     1.8363
     1.8394     1.8340     1.8354     1.8377     1.8348     1.8352     1.8297     1.8363
     1.8390     1.8340     1.8354     1.8378     1.8348     1.8354     1.8300     1.8366
     1.8389     1.8337     1.8352     1.8375     1.8348     1.8352     1.8297     1.8363
     1.8390     1.8339     1.8354     1.8377     1.8349     1.8355     1.8302     1.8365
     1.8392     1.8342     1.8355     1.8380     1.8348     1.8355     1.8302     1.8365
     1.8389     1.8339     1.8351     1.8377     1.8346     1.8354     1.8297     1.8363
     1.8392     1.8340     1.8355     1.8377     1.8348     1.8355     1.8303     1.8365
     1.8389     1.8339     1.8352     1.8377     1.8346     1.8352     1.8296     1.8361
     1.8394     1.8340     1.8355     1.8377     1.8352     1.8355     1.8300     1.8363
     1.8394     1.8340     1.8357     1.8378     1.8348     1.8355     1.8299     1.8365
     1.8394     1.8340     1.8354     1.8377     1.8351     1.8355     1.8299     1.8363
     1.8394     1.8342     1.8354     1.8377     1.8348     1.8354     1.8300     1.8366
     1.8394     1.8340     1.8354     1.8378     1.8349     1.8354     1.8299     1.8366
     1.8392     1.8339     1.8352     1.8377     1.8349     1.8354     1.8299     1.8361
     1.8394     1.8339     1.8354     1.8377     1.8351     1.8352     1.8300     1.8366
     1.8394     1.8340     1.8355     1.8380     1.8348     1.8355     1.8302     1.8365
     1.8394     1.8342     1.8357     1.8377     1.8349     1.8357     1.8300     1.8365
     1.8394     1.8343     1.8358     1.8378     1.8348     1.8355     1.8300     1.8366
     1.8390     1.8339     1.8354     1.8377     1.8349     1.8354     1.8299     1.8366
     1.8395     1.8340     1.8355     1.8378     1.8349     1.8355     1.8300     1.8365
     1.8395     1.8343     1.8354     1.8378     1.8349     1.8354     1.8302     1.8365
     1.8394     1.8342     1.8354     1.8377     1.8348     1.8352     1.8299     1.8365
     1.8394     1.8343     1.8357     1.8377     1.8349     1.8354     1.8300     1.8363
     1.8394     1.8340     1.8355     1.8378     1.8348     1.8354     1.8302     1.8365
     1.8395     1.8340     1.8354     1.8378     1.8351     1.8354     1.8300     1.8365
     1.8397     1.8340     1.8357     1.8380     1.8349     1.8355     1.8302     1.8368
     1.8397     1.8343     1.8355     1.8380     1.8351     1.8355     1.8300     1.8365
     1.8395     1.8339     1.8355     1.8377     1.8348     1.8355     1.8302     1.8366
     1.8395     1.8340     1.8354     1.8378     1.8351     1.8354     1.8302     1.8366
     1.8395     1.8340     1.8355     1.8377     1.8351     1.8357     1.8302     1.8363
     1.8398     1.8342     1.8355     1.8378     1.8349     1.8355     1.8300     1.8363
     1.8400     1.8343     1.8358     1.8380     1.8351     1.8355     1.8302     1.8366
     1.8397     1.8343     1.8357     1.8378     1.8348     1.8357     1.8305     1.8368
     1.8395     1.8342     1.8355     1.8378     1.8346     1.8355     1.8300     1.8366
     1.8397     1.8343     1.8357     1.8380     1.8351     1.8357     1.8302     1.8368
     1.8394     1.8343     1.8357     1.8378     1.8351     1.8355     1.8302     1.8366
     1.8398     1.8342     1.8357     1.8380     1.8351     1.8355     1.8302     1.8365
     1.8400     1.8343     1.8355     1.8380     1.8352     1.8357     1.8300     1.8366
     1.8392     1.8342     1.8354     1.8378     1.8348     1.8355     1.8300     1.8366
     1.8394     1.8342     1.8355     1.8378     1.8351     1.8355     1.8302     1.8368
     1.8394     1.8339     1.8354     1.8380     1.8349     1.8355     1.8300     1.8365
     1.8394     1.8339     1.8352     1.8377     1.8346     1.8354     1.8297     1.8365
     1.8400     1.8342     1.8357     1.8381     1.8351     1.8357     1.8303     1.8366
     1.8395     1.8339     1.8355     1.8378     1.8349     1.8354     1.8300     1.8365
     1.8395     1.8342     1.8355     1.8378     1.8349     1.8355     1.8300     1.8368
     1.8397     1.8343     1.8357     1.8380     1.8351     1.8355     1.8302     1.8365
     1.8394     1.8339     1.8355     1.8377     1.8346     1.8354     1.8299     1.8365
     1.8397     1.8343     1.8358     1.8380     1.8349     1.8357     1.8302     1.8366
     1.8398     1.8343     1.8357     1.8381     1.8354     1.8357     1.8300     1.8366
     1.8397     1.8340     1.8357     1.8377     1.8349     1.8355     1.8300     1.8365
     1.8398     1.8343     1.8357     1.8380     1.8351     1.8357     1.8300     1.8366
     1.8395     1.8342     1.8354     1.8377     1.8348     1.8354     1.8300     1.8363
     1.8392     1.8340     1.8352     1.8377     1.8348     1.8355     1.8302     1.8365
     1.8397     1.8343     1.8357     1.8381     1.8349     1.8355     1.8302     1.8365
     1.8395     1.8339     1.8355     1.8377     1.8348     1.8354     1.8300     1.8365
     1.8397     1.8342     1.8357     1.8380     1.8348     1.8355     1.8302     1.8368
     1.8397     1.8342     1.8358     1.8377     1.8349     1.8354     1.8299     1.8366
     1.8392     1.8339     1.8354     1.8377     1.8346     1.8352     1.8299     1.8363
     1.8395     1.8340     1.8354     1.8375     1.8346     1.8354     1.8297     1.8363
     1.8397     1.8340     1.8355     1.8377     1.8349     1.8355     1.8299     1.8365
     1.8392     1.8340     1.8354     1.8377     1.8346     1.8352     1.8300     1.8361
     1.8394     1.8340     1.8357     1.8377     1.8349     1.8354     1.8300     1.8363
     1.8395     1.8340     1.8354     1.8377     1.8348     1.8354     1.8299     1.8365
     1.8392     1.8339     1.8352     1.8375     1.8346     1.8354     1.8296     1.8363
     1.8395     1.8342     1.8357     1.8378     1.8349     1.8355     1.8300     1.8363
     1.8390     1.8337     1.8351     1.8377     1.8349     1.8352     1.8300     1.8361
     1.8392     1.8339     1.8355     1.8374     1.8349     1.8355     1.8299     1.8363
     1.8394     1.8339     1.8354     1.8377     1.8346     1.8352     1.8299     1.8363
     1.8390     1.8336     1.8354     1.8375     1.8346     1.8351     1.8299     1.8361
     1.8394     1.8337     1.8354     1.8377     1.8348     1.8351     1.8299     1.8365
     1.8392     1.8339     1.8355     1.8377     1.8351     1.8354     1.8300     1.8363
     1.8394     1.8342     1.8355     1.8377     1.8349     1.8355     1.8300     1.8368
     1.8395     1.8342     1.8355     1.8377     1.8349     1.8355     1.8300     1.8365
     1.8392     1.8340     1.8354     1.8377     1.8349     1.8355     1.8299     1.8365
     1.8394     1.8339     1.8354     1.8377     1.8349     1.8354     1.8299     1.8363
     1.8397     1.8342     1.8357     1.8378     1.8352     1.8355     1.8300     1.8366
     1.8397     1.8343     1.8354     1.8378     1.8349     1.8352     1.8302     1.8366
     1.8397     1.8340     1.8355     1.8377     1.8349     1.8354     1.8300     1.8365
     1.8397     1.8340     1.8357     1.8378     1.8349     1.8355     1.8299     1.8365
     1.8394     1.8340     1.8357     1.8375     1.8349     1.8355     1.8300     1.8363
     1.8394     1.8342     1.8357     1.8377     1.8351     1.8357     1.8299     1.8366
     1.8397     1.8342     1.8358     1.8378     1.8351     1.8357     1.8300     1.8366
     1.8394     1.8342     1.8355     1.8380     1.8348     1.8355     1.8300     1.8365
     1.8394     1.8340     1.8357     1.8378     1.8349     1.8352     1.8302     1.8365
     1.8392     1.8342     1.8355     1.8378     1.8349     1.8355     1.8297     1.8365
     1.8390     1.8340     1.8354     1.8377     1.8346     1.8355     1.8297     1.8361
     1.8392     1.8342     1.8355     1.8378     1.8348     1.8354     1.8300     1.8363
     1.8397     1.8340     1.8357     1.8378     1.8349     1.8355     1.8300     1.8365
     1.8392     1.8339     1.8354     1.8375     1.8346     1.8354     1.8297     1.8363
     1.8394     1.8340     1.8354     1.8375     1.8346     1.8354     1.8300     1.8363
     1.8389     1.8339     1.8351     1.8374     1.8346     1.8351     1.8296     1.8361
     1.8386     1.8337     1.8351     1.8374     1.8345     1.8349     1.8296     1.8358
     1.8390     1.8337     1.8352     1.8377     1.8346     1.8351     1.8297     1.8361
     1.8392     1.8340     1.8355     1.8375     1.8348     1.8351     1.8297     1.8361
     1.8390     1.8337     1.8352     1.8372     1.8346     1.8351     1.8296     1.8358
     1.8389     1.8337     1.8354     1.8375     1.8346     1.8352     1.8297     1.8361
     1.8384     1.8334     1.8351     1.8372     1.8342     1.8349     1.8296     1.8358
     1.8387     1.8337     1.8351     1.8372     1.8345     1.8352     1.8299     1.8361
     1.8394     1.8339     1.8352     1.8375     1.8346     1.8351     1.8299     1.8361
     1.8389     1.8339     1.8352     1.8374     1.8346     1.8351     1.8296     1.8360
     1.8392     1.8339     1.8354     1.8374     1.8346     1.8351     1.8297     1.8361
     1.8387     1.8337     1.8352     1.8374     1.8345     1.8351     1.8297     1.8360
     1.8384     1.8337     1.8351     1.8372     1.8343     1.8349     1.8294     1.8360
     1.8390     1.8337     1.8352     1.8375     1.8345     1.8354     1.8300     1.8363
     1.8390     1.8339     1.8354     1.8377     1.8343     1.8351     1.8299     1.8361
     1.8390     1.8336     1.8354     1.8377     1.8345     1.8349     1.8297     1.8361
     1.8390     1.8337     1.8354     1.8375     1.8348     1.8352     1.8297     1.8361
     1.8386     1.8336     1.8351     1.8374     1.8345     1.8349     1.8296     1.8360
     1.8387     1.8337     1.8351     1.8372     1.8346     1.8351     1.8296     1.8361
     1.8389     1.8339     1.8352     1.8375     1.8346     1.8352     1.8299     1.8363
     1.8387     1.8336     1.8352     1.8374     1.8343     1.8352     1.8296     1.8361
     1.8392     1.8343     1.8355     1.8377     1.8348     1.8355     1.8300     1.8363
     1.8387     1.8339     1.8354     1.8374     1.8345     1.8351     1.8297     1.8358
     1.8384     1.8336     1.8351     1.8372     1.8345     1.8351     1.8296     1.8358
     1.8390     1.8337     1.8354     1.8377     1.8348     1.8354     1.8299     1.8361
     1.8387     1.8337     1.8352     1.8374     1.8343     1.8349     1.8294     1.8360
     1.8392     1.8340     1.8355     1.8375     1.8348     1.8352     1.8299     1.8365
     1.8390     1.8339     1.8354     1.8374     1.8346     1.8354     1.8299     1.8363
     1.8384     1.8336     1.8351     1.8371     1.8343     1.8351     1.8296     1.8358
     1.8389     1.8337     1.8354     1.8377     1.8348     1.8351     1.8297     1.8361
     1.8390     1.8339     1.8355     1.8377     1.8348     1.8354     1.8299     1.8361
     1.8390     1.8339     1.8354     1.8375     1.8348     1.8352     1.8297     1.8361
     1.8394     1.8339     1.8354     1.8375     1.8348     1.8352     1.8299     1.8363
     1.8389     1.8336     1.8354     1.8372     1.8346     1.8351     1.8297     1.8360
     1.8387     1.8337     1.8352     1.8372     1.8345     1.8352     1.8297     1.8361
     1.8394     1.8340     1.8355     1.8377     1.8349     1.8354     1.8299     1.8361
     1.8392     1.8339     1.8354     1.8377     1.8346     1.8352     1.8299     1.8360
     1.8394     1.8340     1.8355     1.8377     1.8346     1.8355     1.8297     1.8361
     1.8389     1.8337     1.8352     1.8372     1.8346     1.8351     1.8296     1.8361
     1.8380     1.8331     1.8346     1.8368     1.8339     1.8345     1.8291     1.8355
     1.8375     1.8323     1.8339     1.8361     1.8332     1.8337     1.8285     1.8349
     1.8374     1.8320     1.8334     1.8355     1.8326     1.8331     1.8276     1.8343
     1.8368     1.8313     1.8328     1.8349     1.8322     1.8325     1.8274     1.8339
     1.8363     1.8308     1.8325     1.8346     1.8319     1.8320     1.8268     1.8336
     1.8363     1.8310     1.8325     1.8348     1.8319     1.8323     1.8268     1.8336
     1.8369     1.8316     1.8332     1.8354     1.8325     1.8331     1.8274     1.8340
     1.8369     1.8317     1.8329     1.8351     1.8322     1.8329     1.8273     1.8340
     1.8366     1.8313     1.8326     1.8349     1.8319     1.8325     1.8270     1.8337
     1.8372     1.8314     1.8329     1.8351     1.8322     1.8326     1.8273     1.8339
     1.8374     1.8317     1.8336     1.8355     1.8328     1.8332     1.8279     1.8343
     1.8369     1.8317     1.8334     1.8355     1.8326     1.8334     1.8279     1.8342
     1.8363     1.8311     1.8328     1.8349     1.8320     1.8326     1.8270     1.8336
     1.8369     1.8316     1.8331     1.8352     1.8323     1.8331     1.8273     1.8339
     1.8375     1.8320     1.8337     1.8357     1.8331     1.8336     1.8279     1.8345
     1.8380     1.8326     1.8340     1.8361     1.8336     1.8339     1.8285     1.8349
     1.8377     1.8325     1.8342     1.8360     1.8332     1.8337     1.8284     1.8348
     1.8380     1.8326     1.8340     1.8363     1.8336     1.8340     1.8285     1.8349
     1.8387     1.8331     1.8348     1.8371     1.8343     1.8346     1.8291     1.8355
     1.8398     1.8337     1.8352     1.8372     1.8348     1.8352     1.8297     1.8361
     1.8400     1.8343     1.8355     1.8380     1.8351     1.8357     1.8302     1.8366
     1.8400     1.8342     1.8355     1.8377     1.8349     1.8355     1.8302     1.8363
     1.8395     1.8343     1.8357     1.8378     1.8349     1.8355     1.8303     1.8365
     1.8397     1.8343     1.8360     1.8380     1.8351     1.8355     1.8300     1.8365
     1.8406     1.8345     1.8361     1.8383     1.8354     1.8358     1.8303     1.8368
     1.8404     1.8346     1.8361     1.8383     1.8354     1.8358     1.8307     1.8368
     1.8404     1.8345     1.8360     1.8383     1.8352     1.8360     1.8303     1.8368
     1.8404     1.8346     1.8358     1.8381     1.8351     1.8357     1.8305     1.8369
     1.8400     1.8343     1.8357     1.8378     1.8349     1.8355     1.8300     1.8366
     1.8404     1.8343     1.8361     1.8381     1.8352     1.8357     1.8303     1.8368
     1.8409     1.8348     1.8361     1.8383     1.8355     1.8357     1.8303     1.8369
     1.8406     1.8348     1.8361     1.8383     1.8354     1.8358     1.8305     1.8368
     1.8406     1.8349     1.8360     1.8383     1.8352     1.8358     1.8307     1.8369
     1.8403     1.8346     1.8360     1.8381     1.8352     1.8358     1.8307     1.8369
     1.8404     1.8349     1.8360     1.8383     1.8351     1.8358     1.8305     1.8368
     1.8406     1.8346     1.8361     1.8383     1.8352     1.8358     1.8305     1.8369
     1.8407     1.8346     1.8363     1.8384     1.8354     1.8360     1.8305     1.8369
     1.8409     1.8346     1.8361     1.8384     1.8355     1.8358     1.8305     1.8369
     1.8407     1.8348     1.8363     1.8381     1.8352     1.8357     1.8305     1.8371
     1.8404     1.8346     1.8361     1.8383     1.8349     1.8357     1.8300     1.8366
     1.8409     1.8348     1.8360     1.8383     1.8352     1.8361     1.8303     1.8369
     1.8407     1.8346     1.8361     1.8383     1.8354     1.8361     1.8305     1.8369
     1.8410     1.8349     1.8361     1.8383     1.8354     1.8358     1.8305     1.8369
     1.8410     1.8348     1.8365     1.8383     1.8355     1.8360     1.8303     1.8372
     1.8406     1.8345     1.8360     1.8380     1.8354     1.8357     1.8305     1.8369
     1.8404     1.8348     1.8360     1.8380     1.8351     1.8357     1.8302     1.8369
     1.8410     1.8348     1.8361     1.8383     1.8354     1.8360     1.8305     1.8369
     1.8410     1.8349     1.8363     1.8383     1.8354     1.8358     1.8305     1.8369
     1.8412     1.8349     1.8363     1.8384     1.8354     1.8358     1.8305     1.8371
     1.8409     1.8348     1.8361     1.8383     1.8352     1.8360     1.8307     1.8369
     1.8404     1.8348     1.8361     1.8383     1.8354     1.8358     1.8303     1.8366
     1.8406     1.8348     1.8363     1.8381     1.8354     1.8358     1.8305     1.8368
     1.8407     1.8348     1.8361     1.8381     1.8352     1.8361     1.8303     1.8368
     1.8410     1.8349     1.8363     1.8386     1.8354     1.8361     1.8307     1.8372
     1.8412     1.8348     1.8365     1.8384     1.8357     1.8358     1.8305     1.8371
     1.8407     1.8348     1.8363     1.8380     1.8352     1.8357     1.8307     1.8368
     1.8404     1.8348     1.8361     1.8381     1.8352     1.8358     1.8303     1.8369
     1.8407     1.8348     1.8363     1.8383     1.8354     1.8360     1.8305     1.8369
     1.8406     1.8346     1.8363     1.8383     1.8352     1.8357     1.8303     1.8369
     1.8412     1.8351     1.8365     1.8384     1.8354     1.8361     1.8305     1.8371
     1.8412     1.8349     1.8363     1.8384     1.8357     1.8360     1.8307     1.8371
     1.8404     1.8346     1.8360     1.8383     1.8354     1.8358     1.8302     1.8368
     1.8404     1.8348     1.8361     1.8381     1.8354     1.8360     1.8303     1.8369
     1.8406     1.8348     1.8361     1.8384     1.8352     1.8358     1.8305     1.8369
     1.8412     1.8349     1.8363     1.8384     1.8355     1.8360     1.8308     1.8372
     1.8412     1.8349     1.8363     1.8384     1.8355     1.8360     1.8308     1.8369
     1.8406     1.8345     1.8360     1.8381     1.8354     1.8357     1.8303     1.8368
     1.8403     1.8346     1.8358     1.8380     1.8351     1.8357     1.8302     1.8368
     1.8403     1.8346     1.8358     1.8380     1.8352     1.8357     1.8302     1.8368
     1.8406     1.8348     1.8361     1.8381     1.8352     1.8358     1.8303     1.8369
     1.8410     1.8351     1.8365     1.8384     1.8351     1.8360     1.8307     1.8369
     1.8409     1.8349     1.8360     1.8383     1.8354     1.8358     1.8303     1.8371
     1.8398     1.8345     1.8360     1.8378     1.8349     1.8355     1.8299     1.8368
     1.8401     1.8343     1.8360     1.8377     1.8349     1.8355     1.8300     1.8365
     1.8403     1.8343     1.8360     1.8380     1.8351     1.8357     1.8303     1.8366
     1.8406     1.8346     1.8360     1.8380     1.8354     1.8358     1.8305     1.8368
     1.8412     1.8349     1.8363     1.8383     1.8355     1.8360     1.8305     1.8369
     1.8404     1.8345     1.8361     1.8383     1.8352     1.8357     1.8303     1.8365
     1.8401     1.8345     1.8360     1.8378     1.8352     1.8357     1.8302     1.8366
     1.8404     1.8346     1.8361     1.8381     1.8354     1.8357     1.8302     1.8366
     1.8407     1.8348     1.8360     1.8383     1.8354     1.8357     1.8303     1.8368
     1.8409     1.8348     1.8361     1.8383     1.8354     1.8360     1.8305     1.8371
     1.8407     1.8348     1.8361     1.8383     1.8352     1.8360     1.8307     1.8371
     1.8401     1.8343     1.8358     1.8380     1.8349     1.8355     1.8300     1.8365
     1.8400     1.8345     1.8358     1.8380     1.8352     1.8355     1.8300     1.8366
     1.8401     1.8343     1.8358     1.8380     1.8352     1.8355     1.8299     1.8363
     1.8404     1.8346     1.8360     1.8380     1.8352     1.8357     1.8302     1.8368
     1.8407     1.8348     1.8360     1.8380     1.8352     1.8357     1.8303     1.8366
     1.8400     1.8343     1.8357     1.8378     1.8348     1.8354     1.8299     1.8363
     1.8398     1.8340     1.8357     1.8377     1.8349     1.8354     1.8299     1.8365
     1.8397     1.8343     1.8357     1.8377     1.8346     1.8354     1.8299     1.8366
     1.8404     1.8346     1.8358     1.8380     1.8351     1.8355     1.8300     1.8368
     1.8406     1.8349     1.8360     1.8380     1.8352     1.8358     1.8303     1.8369
     1.8404     1.8346     1.8358     1.8380     1.8352     1.8357     1.8302     1.8366
     1.8401     1.8343     1.8358     1.8380     1.8352     1.8355     1.8302     1.8366
     1.8400     1.8340     1.8355     1.8377     1.8349     1.8355     1.8300     1.8363
     1.8403     1.8345     1.8360     1.8381     1.8351     1.8357     1.8300     1.8365
     1.8409     1.8346     1.8361     1.8383     1.8352     1.8357     1.8302     1.8368
     1.8410     1.8348     1.8361     1.8383     1.8352     1.8357     1.8303     1.8369
     1.8403     1.8345     1.8361     1.8380     1.8351     1.8355     1.8303     1.8366
     1.8401     1.8345     1.8360     1.8377     1.8351     1.8354     1.8300     1.8363
     1.8400     1.8343     1.8358     1.8378     1.8351     1.8355     1.8300     1.8365
     1.8404     1.8346     1.8361     1.8380     1.8351     1.8357     1.8302     1.8368
     1.8406     1.8346     1.8363     1.8380     1.8351     1.8358     1.8300     1.8368
     1.8404     1.8345     1.8360     1.8380     1.8349     1.8358     1.8303     1.8366
     1.8400     1.8345     1.8361     1.8378     1.8352     1.8358     1.8303     1.8366
     1.8397     1.8342     1.8358     1.8378     1.8352     1.8355     1.8302     1.8363
     1.8403     1.8346     1.8361     1.8383     1.8352     1.8358     1.8302     1.8368
     1.8406     1.8346     1.8358     1.8380     1.8352     1.8357     1.8303     1.8365
     1.8403     1.8345     1.8360     1.8380     1.8352     1.8355     1.8303     1.8366
     1.8404     1.8345     1.8358     1.8380     1.8351     1.8358     1.8302     1.8366
     1.8397     1.8339     1.8357     1.8378     1.8348     1.8352     1.8299     1.8361
     1.8398     1.8343     1.8358     1.8380     1.8351     1.8355     1.8302     1.8366
     1.8403     1.8346     1.8360     1.8381     1.8352     1.8355     1.8303     1.8368
     1.8403     1.8346     1.8358     1.8381     1.8352     1.8358     1.8302     1.8369
     1.8406     1.8345     1.8361     1.8383     1.8354     1.8357     1.8303     1.8368
     1.8398     1.8345     1.8357     1.8380     1.8348     1.8355     1.8300     1.8368
     1.8398     1.8343     1.8357     1.8378     1.8351     1.8355     1.8299     1.8366
     1.8403     1.8345     1.8361     1.8380     1.8352     1.8355     1.8303     1.8368
     1.8404     1.8346     1.8361     1.8381     1.8351     1.8355     1.8305     1.8368
     1.8406     1.8348     1.8360     1.8381     1.8352     1.8357     1.8303     1.8368
     1.8404     1.8346     1.8360     1.8381     1.8354     1.8358     1.8302     1.8366
     1.8400     1.8348     1.8358     1.8380     1.8351     1.8355     1.8302     1.8366
     1.8401     1.8345     1.8358     1.8381     1.8354     1.8357     1.8302     1.8365
     1.8404     1.8345     1.8358     1.8381     1.8352     1.8357     1.8305     1.8366
     1.8404     1.8345     1.8360     1.8380     1.8354     1.8357     1.8303     1.8368
     1.8406     1.8346     1.8360     1.8381     1.8355     1.8358     1.8305     1.8371
     1.8401     1.8345     1.8358     1.8380     1.8348     1.8354     1.8302     1.8368
     1.8400     1.8343     1.8357     1.8380     1.8351     1.8357     1.8300     1.8366
     1.8403     1.8345     1.8360     1.8383     1.8352     1.8355     1.8303     1.8366
     1.8404     1.8346     1.8363     1.8383     1.8352     1.8358     1.8303     1.8369
     1.8407     1.8348     1.8365     1.8384     1.8355     1.8360     1.8303     1.8369
     1.8403     1.8345     1.8361     1.8383     1.8351     1.8357     1.8303     1.8368
     1.8403     1.8349     1.8361     1.8378     1.8354     1.8355     1.8302     1.8366
     1.8401     1.8346     1.8358     1.8380     1.8352     1.8357     1.8302     1.8366
     1.8403     1.8346     1.8360     1.8380     1.8354     1.8357     1.8302     1.8368
     1.8407     1.8346     1.8360     1.8383     1.8355     1.8360     1.8302     1.8368
     1.8406     1.8348     1.8361     1.8381     1.8354     1.8355     1.8303     1.8369
     1.8406     1.8348     1.8361     1.8383     1.8352     1.8357     1.8303     1.8368
     1.8403     1.8345     1.8360     1.8381     1.8351     1.8357     1.8303     1.8368
     1.8401     1.8345     1.8358     1.8380     1.8352     1.8355     1.8302     1.8368
     1.8407     1.8348     1.8365     1.8383     1.8354     1.8360     1.8303     1.8369
     1.8407     1.8348     1.8361     1.8383     1.8355     1.8357     1.8303     1.8366
     1.8407     1.8349     1.8361     1.8384     1.8355     1.8360     1.8303     1.8369
     1.8404     1.8346     1.8361     1.8381     1.8354     1.8355     1.8300     1.8368
     1.8400     1.8345     1.8358     1.8381     1.8352     1.8357     1.8302     1.8366
     1.8404     1.8346     1.8358     1.8381     1.8352     1.8358     1.8303     1.8368
     1.8407     1.8348     1.8363     1.8383     1.8352     1.8360     1.8305     1.8372
     1.8407     1.8349     1.8363     1.8383     1.8355     1.8360     1.8300     1.8369
     1.8407     1.8348     1.8361     1.8381     1.8354     1.8360     1.8302     1.8368
     1.8401     1.8346     1.8360     1.8380     1.8352     1.8358     1.8303     1.8366
     1.8401     1.8343     1.8360     1.8378     1.8352     1.8355     1.8302     1.8365
     1.8407     1.8346     1.8363     1.8383     1.8354     1.8357     1.8305     1.8368
     1.8406     1.8346     1.8361     1.8383     1.8354     1.8358     1.8303     1.8366
     1.8409     1.8348     1.8363     1.8386     1.8357     1.8357     1.8307     1.8369
     1.8406     1.8348     1.8360     1.8381     1.8352     1.8357     1.8305     1.8369
     1.8403     1.8345     1.8360     1.8378     1.8352     1.8357     1.8302     1.8366
     1.8406     1.8351     1.8361     1.8380     1.8354     1.8360     1.8305     1.8369
     1.8407     1.8348     1.8361     1.8381     1.8354     1.8358     1.8302     1.8371
     1.8410     1.8348     1.8363     1.8383     1.8354     1.8360     1.8303     1.8369
     1.8409     1.8348     1.8363     1.8384     1.8354     1.8360     1.8303     1.8369
     1.8401     1.8345     1.8360     1.8380     1.8348     1.8355     1.8300     1.8365
     1.8401     1.8343     1.8357     1.8380     1.8349     1.8355     1.8302     1.8365
     1.8404     1.8348     1.8360     1.8383     1.8352     1.8358     1.8305     1.8368
     1.8406     1.8345     1.8361     1.8383     1.8355     1.8360     1.8305     1.8369
     1.8409     1.8348     1.8360     1.8384     1.8354     1.8358     1.8302     1.8368
     1.8403     1.8343     1.8360     1.8380     1.8348     1.8357     1.8300     1.8366
     1.8400     1.8345     1.8357     1.8378     1.8348     1.8355     1.8299     1.8366
     1.8401     1.8345     1.8358     1.8380     1.8351     1.8357     1.8300     1.8366
     1.8403     1.8345     1.8360     1.8381     1.8351     1.8357     1.8303     1.8368
     1.8406     1.8349     1.8361     1.8383     1.8355     1.8361     1.8305     1.8371
     1.8407     1.8349     1.8363     1.8383     1.8354     1.8357     1.8305     1.8369
     1.8400     1.8343     1.8358     1.8380     1.8351     1.8355     1.8302     1.8366
     1.8403     1.8345     1.8360     1.8381     1.8352     1.8358     1.8305     1.8368
     1.8401     1.8345     1.8360     1.8380     1.8351     1.8358     1.8303     1.8369
     1.8403     1.8348     1.8363     1.8383     1.8354     1.8361     1.8307     1.8371
     1.8407     1.8348     1.8363     1.8383     1.8354     1.8358     1.8303     1.8368
     1.8398     1.8345     1.8358     1.8378     1.8351     1.8355     1.8299     1.8365
     1.8397     1.8342     1.8355     1.8377     1.8349     1.8354     1.8297     1.8361
     1.8403     1.8343     1.8358     1.8380     1.8351     1.8355     1.8305     1.8366
     1.8401     1.8345     1.8360     1.8381     1.8351     1.8357     1.8302     1.8366
     1.8404     1.8346     1.8360     1.8381     1.8352     1.8357     1.8303     1.8368
     1.8404     1.8345     1.8360     1.8380     1.8351     1.8358     1.8303     1.8368
     1.8401     1.8345     1.8357     1.8378     1.8354     1.8357     1.8302     1.8366
     1.8401     1.8345     1.8358     1.8380     1.8351     1.8357     1.8303     1.8365
     1.8406     1.8345     1.8360     1.8381     1.8352     1.8357     1.8302     1.8368
     1.8404     1.8348     1.8361     1.8381     1.8352     1.8360     1.8303     1.8368
     1.8406     1.8346     1.8360     1.8381     1.8354     1.8360     1.8305     1.8369
     1.8403     1.8346     1.8360     1.8381     1.8352     1.8357     1.8302     1.8366
     1.8400     1.8342     1.8357     1.8378     1.8348     1.8355     1.8300     1.8361
     1.8400     1.8345     1.8358     1.8380     1.8351     1.8355     1.8302     1.8365
     1.8403     1.8345     1.8357     1.8380     1.8352     1.8355     1.8300     1.8363
     1.8404     1.8346     1.8360     1.8381     1.8351     1.8357     1.8302     1.8366
     1.8403     1.8345     1.8358     1.8380     1.8351     1.8357     1.8302     1.8369
     1.8398     1.8342     1.8358     1.8378     1.8349     1.8354     1.8299     1.8366
     1.8400     1.8342     1.8358     1.8380     1.8349     1.8354     1.8300     1.8365
     1.8401     1.8345     1.8360     1.8381     1.8351     1.8355     1.8303     1.8366
     1.8404     1.8348     1.8363     1.8381     1.8354     1.8357     1.8305     1.8368
     1.8407     1.8349     1.8361     1.8384     1.8352     1.8357     1.8303     1.8371
     1.8401     1.8346     1.8361     1.8381     1.8351     1.8357     1.8302     1.8366
     1.8400     1.8343     1.8360     1.8380     1.8349     1.8355     1.8300     1.8365
     1.8406     1.8346     1.8360     1.8381     1.8351     1.8358     1.8302     1.8366
     1.8403     1.8343     1.8358     1.8378     1.8351     1.8355     1.8300     1.8365
     1.8409     1.8348     1.8361     1.8383     1.8355     1.8360     1.8305     1.8369
     1.8407     1.8348     1.8361     1.8381     1.8352     1.8360     1.8305     1.8368
     1.8403     1.8345     1.8360     1.8380     1.8352     1.8358     1.8303     1.8366
     1.8403     1.8346     1.8360     1.8383     1.8352     1.8357     1.8303     1.8369
     1.8403     1.8343     1.8361     1.8378     1.8352     1.8357     1.8300     1.8365
     1.8403     1.8345     1.8361     1.8380     1.8352     1.8358     1.8302     1.8365
     1.8407     1.8348     1.8361     1.8383     1.8354     1.8360     1.8303     1.8368
     1.8403     1.8345     1.8361     1.8381     1.8351     1.8355     1.8300     1.8365
     1.8400     1.8345     1.8357     1.8378     1.8349     1.8355     1.8302     1.8366
     1.8401     1.8345     1.8357     1.8380     1.8349     1.8357     1.8302     1.8366
     1.8401     1.8343     1.8355     1.8378     1.8349     1.8357     1.8300     1.8366
     1.8406     1.8346     1.8358     1.8386     1.8352     1.8358     1.8302     1.8368
     1.8404     1.8349     1.8361     1.8381     1.8354     1.8360     1.8303     1.8366
     1.8401     1.8345     1.8360     1.8380     1.8351     1.8354     1.8302     1.8363
     1.8401     1.8345     1.8361     1.8380     1.8351     1.8355     1.8303     1.8366
     1.8401     1.8345     1.8358     1.8380     1.8348     1.8357     1.8299     1.8366
     1.8401     1.8345     1.8358     1.8380     1.8351     1.8357     1.8303     1.8366
     1.8406     1.8346     1.8363     1.8383     1.8354     1.8358     1.8305     1.8369
     1.8401     1.8343     1.8358     1.8381     1.8352     1.8355     1.8300     1.8366
     1.8400     1.8343     1.8360     1.8378     1.8352     1.8355     1.8302     1.8363
     1.8401     1.8345     1.8358     1.8381     1.8352     1.8354     1.8300     1.8363
     1.8404     1.8345     1.8360     1.8384     1.8352     1.8358     1.8303     1.8369
     1.8403     1.8348     1.8361     1.8383     1.8352     1.8358     1.8303     1.8368
     1.8407     1.8346     1.8361     1.8384     1.8354     1.8361     1.8302     1.8369
     1.8401     1.8346     1.8360     1.8383     1.8354     1.8358     1.8303     1.8368
     1.8401     1.8345     1.8360     1.8383     1.8352     1.8355     1.8303     1.8368
     1.8403     1.8348     1.8363     1.8383     1.8352     1.8358     1.8303     1.8369
     1.8403     1.8345     1.8358     1.8381     1.8352     1.8357     1.8303     1.8369
