     1.8311     1.8279     1.8297     1.8320     1.8294     1.8300     1.8244     1.7959
     1.8317     1.8287     1.8307     1.8331     1.8305     1.8308     1.8253     1.7920
     1.8328     1.8297     1.8314     1.8340     1.8313     1.8320     1.8264     1.7898
     1.8334     1.8307     1.8323     1.8346     1.8320     1.8326     1.8268     1.7893
     1.8342     1.8310     1.8331     1.8355     1.8326     1.8332     1.8276     1.7919
     1.8348     1.8316     1.8334     1.8357     1.8331     1.8337     1.8281     1.7983
     1.8348     1.8314     1.8332     1.8355     1.8329     1.8336     1.8279     1.7972
     1.8346     1.8314     1.8332     1.8355     1.8329     1.8332     1.8279     1.7922
     1.8345     1.8314     1.8332     1.8355     1.8328     1.8332     1.8281     1.7908
     1.8343     1.8314     1.8334     1.8354     1.8329     1.8334     1.8278     1.7902
     1.8349     1.8317     1.8334     1.8355     1.8328     1.8334     1.8281     1.7945
     1.8349     1.8317     1.8334     1.8357     1.8329     1.8337     1.8282     1.7972
     1.8348     1.8316     1.8334     1.8358     1.8329     1.8336     1.8281     1.7937
     1.8346     1.8313     1.8332     1.8357     1.8326     1.8332     1.8279     1.7920
     1.8343     1.8314     1.8332     1.8355     1.8325     1.8334     1.8279     1.7895
     1.8345     1.8313     1.8331     1.8355     1.8328     1.8336     1.8279     1.7881
     1.8348     1.8316     1.8331     1.8357     1.8329     1.8336     1.8279     1.7940
     1.8351     1.8316     1.8334     1.8357     1.8331     1.8334     1.8282     1.7969
     1.8346     1.8313     1.8332     1.8357     1.8328     1.8336     1.8278     1.7925
     1.8346     1.8314     1.8334     1.8357     1.8329     1.8336     1.8278     1.7920
     1.8348     1.8316     1.8334     1.8357     1.8331     1.8337     1.8278     1.7928
     1.8348     1.8319     1.8336     1.8357     1.8332     1.8337     1.8282     1.7969
     1.8352     1.8319     1.8337     1.8360     1.8334     1.8336     1.8284     1.8012
     1.8349     1.8319     1.8332     1.8358     1.8331     1.8337     1.8282     1.7983
     1.8346     1.8316     1.8332     1.8355     1.8329     1.8336     1.8282     1.7937
     1.8349     1.8316     1.8337     1.8358     1.8331     1.8337     1.8282     1.7930
     1.8346     1.8317     1.8334     1.8355     1.8329     1.8334     1.8281     1.7934
     1.8349     1.8317     1.8336     1.8360     1.8331     1.8337     1.8282     1.7974
     1.8351     1.8317     1.8336     1.8358     1.8331     1.8336     1.8282     1.7985
     1.8348     1.8317     1.8332     1.8358     1.8331     1.8336     1.8282     1.7953
     1.8349     1.8317     1.8332     1.8358     1.8329     1.8336     1.8282     1.7945
     1.8348     1.8319     1.8334     1.8358     1.8331     1.8337     1.8281     1.7949
     1.8346     1.8317     1.8334     1.8357     1.8331     1.8334     1.8279     1.7943
     1.8352     1.8319     1.8336     1.8360     1.8331     1.8336     1.8284     1.7995
     1.8349     1.8319     1.8336     1.8358     1.8331     1.8336     1.8282     1.7985
     1.8345     1.8314     1.8332     1.8354     1.8328     1.8334     1.8279     1.7945
     1.8348     1.8319     1.8336     1.8360     1.8331     1.8339     1.8281     1.7945
     1.8348     1.8316     1.8336     1.8357     1.8329     1.8336     1.8279     1.7924
     1.8349     1.8316     1.8337     1.8358     1.8334     1.8336     1.8284     1.7968
     1.8351     1.8319     1.8337     1.8358     1.8331     1.8337     1.8284     1.8004
     1.8345     1.8316     1.8332     1.8357     1.8328     1.8334     1.8279     1.7957
     1.8348     1.8316     1.8332     1.8357     1.8328     1.8337     1.8281     1.7951
     1.8345     1.8313     1.8329     1.8357     1.8328     1.8332     1.8278     1.7925
     1.8345     1.8313     1.8332     1.8357     1.8329     1.8334     1.8279     1.7940
     1.8349     1.8316     1.8332     1.8358     1.8328     1.8334     1.8279     1.8004
     1.8348     1.8316     1.8334     1.8357     1.8331     1.8336     1.8282     1.7989
     1.8346     1.8316     1.8331     1.8358     1.8331     1.8334     1.8278     1.7962
     1.8348     1.8313     1.8331     1.8357     1.8329     1.8334     1.8281     1.7956
     1.8345     1.8313     1.8331     1.8355     1.8326     1.8332     1.8278     1.7925
     1.8349     1.8316     1.8331     1.8357     1.8329     1.8334     1.8281     1.7991
     1.8351     1.8317     1.8332     1.8357     1.8329     1.8334     1.8282     1.8018
     1.8349     1.8316     1.8336     1.8357     1.8331     1.8337     1.8282     1.7995
     1.8349     1.8316     1.8334     1.8358     1.8331     1.8334     1.8281     1.7977
     1.8348     1.8316     1.8334     1.8357     1.8331     1.8334     1.8281     1.7933
     1.8348     1.8317     1.8334     1.8358     1.8329     1.8334     1.8281     1.7960
     1.8349     1.8319     1.8336     1.8360     1.8334     1.8340     1.8285     1.8010
     1.8351     1.8316     1.8336     1.8358     1.8331     1.8336     1.8282     1.8007
     1.8351     1.8317     1.8336     1.8360     1.8331     1.8336     1.8282     1.7997
     1.8348     1.8317     1.8334     1.8357     1.8329     1.8336     1.8279     1.7937
     1.8346     1.8314     1.8331     1.8357     1.8328     1.8334     1.8279     1.7936
     1.8352     1.8320     1.8336     1.8361     1.8331     1.8339     1.8282     1.7991
     1.8351     1.8319     1.8334     1.8360     1.8332     1.8337     1.8282     1.8009
     1.8351     1.8317     1.8336     1.8358     1.8332     1.8336     1.8284     1.8020
     1.8348     1.8317     1.8334     1.8357     1.8332     1.8334     1.8279     1.7968
     1.8346     1.8314     1.8331     1.8355     1.8331     1.8336     1.8279     1.7934
     1.8349     1.8317     1.8334     1.8357     1.8331     1.8339     1.8281     1.7968
     1.8348     1.8316     1.8334     1.8357     1.8329     1.8337     1.8279     1.7991
     1.8351     1.8319     1.8336     1.8360     1.8331     1.8339     1.8284     1.8036
     1.8348     1.8316     1.8336     1.8358     1.8331     1.8336     1.8282     1.8007
     1.8345     1.8314     1.8332     1.8358     1.8328     1.8332     1.8279     1.7940
     1.8351     1.8317     1.8334     1.8358     1.8329     1.8336     1.8282     1.7969
     1.8349     1.8316     1.8334     1.8358     1.8328     1.8336     1.8282     1.8000
     1.8352     1.8319     1.8336     1.8358     1.8332     1.8337     1.8282     1.8046
     1.8351     1.8317     1.8332     1.8357     1.8332     1.8337     1.8281     1.8058
     1.8349     1.8314     1.8334     1.8355     1.8329     1.8332     1.8279     1.7995
     1.8348     1.8313     1.8331     1.8354     1.8328     1.8334     1.8278     1.8003
     1.8348     1.8314     1.8332     1.8358     1.8329     1.8336     1.8282     1.8004
     1.8352     1.8316     1.8332     1.8358     1.8331     1.8337     1.8282     1.8046
     1.8354     1.8320     1.8337     1.8360     1.8334     1.8339     1.8285     1.8096
     1.8349     1.8317     1.8332     1.8355     1.8329     1.8334     1.8279     1.8015
     1.8349     1.8317     1.8334     1.8358     1.8328     1.8336     1.8279     1.8004
     1.8349     1.8316     1.8332     1.8357     1.8329     1.8336     1.8281     1.7992
     1.8346     1.8314     1.8334     1.8358     1.8331     1.8337     1.8281     1.7991
     1.8354     1.8319     1.8339     1.8363     1.8332     1.8340     1.8285     1.8075
     1.8351     1.8319     1.8334     1.8358     1.8331     1.8336     1.8282     1.8038
     1.8354     1.8319     1.8336     1.8358     1.8331     1.8339     1.8282     1.8010
     1.8349     1.8319     1.8336     1.8357     1.8331     1.8337     1.8284     1.8003
     1.8349     1.8319     1.8334     1.8357     1.8329     1.8336     1.8281     1.7986
     1.8352     1.8319     1.8337     1.8361     1.8332     1.8339     1.8285     1.8070
     1.8352     1.8317     1.8334     1.8358     1.8332     1.8340     1.8284     1.8072
     1.8348     1.8316     1.8332     1.8357     1.8331     1.8337     1.8282     1.8026
     1.8349     1.8319     1.8334     1.8358     1.8331     1.8336     1.8282     1.8007
     1.8346     1.8317     1.8331     1.8357     1.8329     1.8334     1.8279     1.7972
     1.8352     1.8317     1.8336     1.8360     1.8331     1.8337     1.8282     1.8032
     1.8352     1.8317     1.8336     1.8360     1.8331     1.8337     1.8282     1.8061
     1.8351     1.8317     1.8332     1.8357     1.8329     1.8337     1.8281     1.8036
     1.8349     1.8316     1.8332     1.8357     1.8331     1.8337     1.8281     1.8032
     1.8346     1.8314     1.8329     1.8355     1.8329     1.8331     1.8278     1.7978
     1.8346     1.8314     1.8332     1.8357     1.8326     1.8334     1.8278     1.8006
     1.8352     1.8319     1.8336     1.8360     1.8331     1.8334     1.8282     1.8047
